0 94 63 82 30 78 86 52 50 77 37 8 94 73 12 53 25 74 30 39 82 90 4 97 85 31 54 31 34 94 86 83 55 18 74 34 41 81 52 84 24 25 77 61 99 8 89 99 91 17 43 11 32 11 63 11 75 40 50 4 87 40 43 76 4 26 73 88 62 1 9 40 31 50 1 55 71 5 85 86 42 
65 0 64 30 31 47 52 42 26 64 33 47 11 22 89 54 49 54 33 38 23 5 73 7 19 13 82 16 54 33 68 81 80 70 38 96 48 3 33 10 82 56 9 27 55 7 76 24 23 46 71 87 7 28 98 97 58 7 94 97 84 73 5 37 87 60 94 68 34 70 91 5 54 38 13 80 53 86 41 85 50 
47 24 0 57 12 78 38 76 26 22 45 47 51 31 96 6 52 68 23 73 48 43 9 84 18 65 50 65 72 42 84 48 26 93 88 34 81 44 72 44 46 69 21 41 82 39 61 74 76 7 53 52 93 92 34 83 4 29 63 15 49 41 80 27 50 47 52 61 57 9 12 98 80 21 16 65 49 17 51 90 59 
66 15 77 0 37 4 53 90 50 58 40 64 36 72 88 95 70 6 26 5 74 30 87 15 55 45 31 70 38 10 51 40 43 29 19 37 35 29 11 40 65 65 66 54 5 95 49 83 37 97 6 27 50 36 78 18 58 20 51 63 33 93 36 93 6 81 51 44 82 52 12 68 87 91 98 48 66 7 17 60 6 
77 88 12 51 0 87 12 74 28 8 78 59 96 21 20 69 63 31 83 7 47 32 16 29 1 40 78 34 99 31 1 48 2 71 73 25 76 81 93 2 96 60 54 66 74 40 91 33 76 12 31 89 75 77 27 10 27 11 61 13 62 52 86 45 36 51 79 88 12 47 97 78 17 64 90 73 75 38 40 40 33 
87 86 65 4 9 0 91 11 58 32 39 36 90 42 58 5 38 77 39 59 36 29 50 47 53 95 76 74 25 97 51 26 92 75 34 98 63 63 27 24 86 47 19 74 40 61 72 28 78 6 77 59 55 69 13 90 97 97 7 88 31 82 62 81 47 62 85 28 99 55 17 1 30 92 53 59 74 90 38 96 80 
92 4 33 67 49 48 0 9 69 36 15 22 31 49 41 4 7 91 93 64 58 61 44 30 94 14 56 27 84 89 88 70 65 53 6 11 3 88 65 30 56 69 18 59 86 71 66 57 96 59 24 42 36 36 46 69 71 74 87 91 61 50 55 82 80 59 69 39 88 78 71 3 26 74 16 15 46 42 9 19 65 
47 77 82 89 89 77 14 0 72 74 16 38 79 18 54 96 2 20 18 73 49 11 94 47 70 43 74 2 87 72 87 73 67 13 30 27 26 17 42 97 56 51 69 25 65 39 72 63 16 34 71 53 52 61 73 19 56 94 90 18 8 20 46 19 15 2 32 30 81 81 5 53 8 32 58 40 12 82 87 4 2 
1 39 59 4 48 16 79 60 0 74 33 94 30 44 85 20 10 3 65 9 38 27 65 95 25 31 86 53 65 17 66 10 10 81 68 24 74 7 80 13 84 9 9 53 3 62 16 40 40 22 17 93 37 78 59 93 90 76 23 83 9 7 52 71 75 11 74 28 98 53 12 52 37 25 56 4 51 33 75 82 23 
11 67 54 29 23 82 55 70 87 0 29 69 4 43 32 11 65 42 90 10 37 50 33 64 75 32 63 42 99 49 22 77 54 89 78 56 71 90 86 38 13 52 28 90 95 55 28 35 25 93 48 67 11 4 40 65 42 45 86 63 63 8 68 35 3 96 51 18 12 63 8 11 71 17 46 20 34 72 74 62 64 
32 89 45 11 87 70 67 74 97 72 0 8 91 13 66 47 32 18 73 57 83 91 89 53 25 12 82 5 22 16 14 9 90 41 88 28 63 64 91 4 14 31 83 59 31 71 55 84 93 63 17 24 29 9 76 66 87 11 27 50 4 7 69 74 1 49 98 70 14 22 74 16 2 7 25 26 62 64 66 93 8 
37 7 73 26 85 25 43 20 11 35 84 0 22 42 79 60 63 86 2 15 44 33 28 61 77 54 34 1 18 37 15 57 44 95 82 57 44 86 25 83 55 66 82 22 74 5 26 90 66 76 69 48 31 96 47 90 3 30 7 20 50 98 6 87 12 93 46 5 91 14 50 47 3 48 18 14 44 73 40 65 60 
27 16 99 1 46 27 78 5 75 5 19 86 0 7 86 56 51 79 59 32 49 60 54 11 64 45 71 43 55 51 20 95 27 99 36 69 13 3 62 96 74 95 85 93 8 34 1 94 23 12 7 98 44 92 51 18 6 79 54 84 60 90 32 14 27 49 40 11 62 97 5 57 95 64 64 8 29 2 90 75 46 
63 8 85 59 54 99 17 79 56 12 46 85 90 0 33 55 48 20 9 39 58 79 60 25 76 74 80 45 26 10 96 92 39 10 59 45 42 37 32 16 33 68 14 25 53 37 80 72 38 43 72 49 81 20 31 9 44 25 81 48 43 46 95 60 21 60 51 20 47 59 39 96 95 75 75 1 76 6 90 72 52 
42 7 32 60 48 51 19 72 44 24 18 47 55 87 0 30 38 45 1 45 90 93 54 59 78 20 63 80 83 56 87 58 10 35 77 20 90 36 25 74 50 48 45 36 23 56 43 23 51 69 5 89 18 47 53 80 40 50 19 7 13 75 2 81 40 80 82 16 59 80 47 89 78 42 48 57 30 90 31 79 20 
48 55 59 88 61 26 65 84 89 54 2 66 23 8 12 0 36 74 58 32 5 81 12 82 84 87 51 66 61 65 41 62 52 90 40 54 35 49 62 55 69 46 91 47 84 91 12 7 61 80 8 48 32 34 28 71 77 59 34 74 41 99 70 34 86 17 74 72 21 34 20 12 68 9 16 18 73 66 57 93 54 
79 36 2 74 63 96 80 69 97 58 78 31 11 44 34 8 0 80 76 50 99 89 4 14 26 10 11 15 3 75 3 4 16 9 99 96 73 46 35 26 97 62 42 54 95 29 84 53 79 80 6 16 18 68 25 37 36 43 13 51 19 79 21 18 75 49 45 78 9 58 18 76 35 20 5 21 49 54 16 29 75 
24 8 33 50 92 26 96 49 77 65 87 81 93 27 49 38 75 0 75 48 47 64 55 38 74 9 43 10 74 60 34 14 53 35 23 23 82 79 36 75 22 72 59 96 42 11 43 60 12 89 41 54 94 62 20 45 21 87 43 35 79 79 18 58 97 38 87 28 99 62 34 33 42 39 58 21 57 80 51 82 82 
9 78 40 43 35 89 55 20 78 32 7 59 64 90 37 12 81 54 0 90 13 69 88 56 44 93 76 55 91 39 81 15 33 97 58 41 53 84 74 56 82 94 65 49 95 68 44 17 96 21 71 25 88 45 61 52 84 80 92 97 55 2 61 61 79 50 33 35 86 72 21 25 96 58 86 13 54 83 72 1 67 
87 76 92 48 22 35 42 42 46 20 31 9 16 39 44 72 85 99 48 0 7 53 75 91 72 30 21 45 33 14 33 53 48 41 60 25 43 75 41 76 28 18 89 66 61 16 90 98 80 50 18 88 2 30 42 54 43 81 48 71 3 51 56 69 84 52 49 42 41 18 75 86 75 15 86 88 59 48 44 65 41 
68 87 18 51 95 80 9 96 75 46 42 67 77 93 66 81 95 19 34 42 0 78 72 50 74 18 7 83 58 83 4 62 41 17 40 37 82 57 28 94 89 4 18 78 66 74 57 23 7 52 72 46 3 55 69 31 49 21 63 53 25 52 75 87 51 69 7 49 54 79 19 45 58 90 69 97 72 41 14 73 13 
76 80 6 74 92 19 58 73 34 59 38 59 30 72 28 14 69 65 40 10 41 0 97 89 91 53 37 83 8 90 57 93 73 27 75 94 89 58 9 5 28 17 16 95 67 80 34 59 1 69 12 71 71 91 37 53 33 66 43 26 61 32 65 14 44 46 88 64 15 73 28 80 96 71 85 15 20 84 53 8 5 
49 85 61 79 91 14 7 14 32 47 13 12 50 80 49 52 62 29 58 7 79 33 0 85 61 57 32 89 64 13 33 22 64 35 65 88 64 31 62 1 46 76 24 10 31 76 28 64 45 44 96 6 83 92 73 31 76 34 2 19 75 29 79 42 46 85 69 49 72 76 35 74 70 37 36 23 68 46 55 8 70 
55 57 84 59 51 28 76 27 45 94 21 84 23 89 43 70 50 21 99 65 33 30 54 0 23 36 28 69 58 62 24 29 39 89 91 6 27 36 27 83 81 72 92 3 22 40 7 28 25 5 33 60 29 11 41 40 88 48 72 41 30 4 16 39 84 53 25 1 91 67 16 87 91 60 72 94 31 53 43 82 59 
45 10 3 42 34 81 39 43 67 1 84 57 30 80 86 13 65 11 82 14 12 41 52 26 0 24 10 31 76 69 72 87 14 37 45 35 45 18 84 51 1 26 15 49 42 6 5 13 39 89 91 54 69 61 85 85 8 84 91 6 98 1 77 15 84 48 10 31 7 92 25 47 17 8 10 24 68 20 45 78 73 
65 57 52 41 55 9 50 81 14 42 62 64 98 2 32 34 78 30 79 18 42 43 27 83 19 0 10 79 64 22 1 89 29 12 75 43 81 82 31 27 32 46 79 57 42 65 51 24 83 79 62 59 59 7 32 4 69 65 11 65 32 90 93 32 72 74 19 82 83 29 49 6 36 76 61 88 75 25 55 43 78 
66 67 29 30 27 25 96 35 59 58 60 1 4 37 49 45 16 54 48 2 43 53 83 67 8 84 0 96 89 38 38 52 29 86 14 34 56 76 68 42 73 34 37 72 1 71 76 45 60 63 73 74 81 45 88 56 15 40 9 3 71 49 9 99 27 15 81 83 75 36 94 92 28 98 18 97 97 14 76 30 97 
31 42 51 28 54 54 97 8 93 18 29 41 22 3 84 44 16 65 44 73 57 74 14 71 5 4 12 0 49 48 46 43 51 56 12 68 36 41 95 86 68 99 94 23 91 30 10 63 57 33 17 38 2 8 92 30 67 28 6 75 96 4 5 40 96 25 19 4 24 34 40 59 44 21 94 98 82 44 90 38 85 
46 27 67 37 79 22 96 57 39 70 11 21 77 38 82 35 16 92 89 34 56 54 31 13 47 17 90 36 0 22 71 65 72 62 23 11 53 14 21 78 45 48 18 80 51 46 29 48 4 71 78 30 89 52 55 88 18 89 87 63 36 37 42 22 13 33 27 44 52 84 85 74 9 77 24 85 25 2 83 14 13 
99 3 43 77 6 77 83 74 29 77 24 7 21 1 54 18 41 60 61 46 98 41 33 90 2 14 47 96 94 0 47 39 80 8 68 13 98 25 82 61 53 2 51 88 32 90 12 73 53 32 70 39 4 97 25 22 84 3 96 8 75 69 24 84 91 74 72 2 49 45 13 26 12 98 48 65 45 8 91 99 17 
62 32 47 53 3 83 98 80 74 27 72 70 32 73 12 65 18 9 1 66 84 74 43 80 11 8 30 91 43 36 0 12 19 89 66 56 93 28 93 96 83 6 34 30 91 35 20 49 3 5 92 5 68 66 31 81 51 89 73 16 48 53 58 90 57 79 52 98 82 83 18 53 73 17 8 24 29 77 19 30 79 
20 59 44 95 6 56 51 49 21 34 11 29 31 54 22 17 50 20 12 5 27 70 75 34 67 61 63 87 87 92 74 0 81 98 90 43 82 31 94 50 31 56 96 34 21 82 25 88 12 98 17 20 58 38 4 98 68 32 81 46 60 55 55 90 47 83 29 83 12 52 39 64 40 44 16 81 68 20 52 10 35 
73 34 39 81 65 42 90 18 65 4 66 78 67 39 7 23 26 20 16 28 14 16 21 70 54 37 22 5 9 87 26 42 0 54 79 55 44 97 95 67 28 56 75 63 1 98 16 10 17 27 43 86 66 47 86 60 35 78 27 52 64 44 63 93 87 39 29 2 88 62 28 34 64 5 63 28 27 22 97 14 10 
87 59 41 96 24 8 70 79 14 52 38 13 71 60 84 1 11 36 59 89 97 6 4 4 45 74 68 65 79 39 92 55 31 0 15 28 5 97 47 44 52 94 1 65 30 85 94 45 23 82 87 32 31 37 22 87 80 69 16 30 42 14 61 90 45 91 49 30 39 56 91 53 29 80 36 22 51 57 62 30 31 
55 17 55 17 77 94 76 11 4 82 43 17 85 75 35 16 71 38 64 32 42 28 96 82 4 51 74 47 70 18 78 95 87 2 0 32 74 45 66 61 37 86 31 12 32 4 65 20 47 67 24 30 20 19 22 73 54 88 34 55 95 35 93 7 76 82 37 39 80 64 19 7 20 63 98 52 7 38 90 87 79 
98 3 25 86 73 90 6 6 26 41 6 31 41 87 55 46 22 18 52 93 93 69 16 60 22 48 75 81 37 80 80 89 24 17 61 0 94 52 14 96 31 9 88 60 23 23 76 26 56 68 11 66 40 44 40 13 80 61 65 68 61 51 44 40 41 12 75 55 52 53 32 28 97 61 12 80 19 42 62 61 35 
33 25 61 77 42 23 24 71 87 34 28 59 51 10 35 80 3 74 82 88 64 46 70 98 3 81 6 68 49 81 11 88 88 24 11 80 0 13 56 55 75 86 76 23 20 33 22 75 9 96 94 48 77 89 16 40 95 40 3 20 27 79 75 73 92 53 46 43 41 84 18 99 41 93 82 29 89 53 12 77 9 
49 99 49 79 54 10 60 51 97 34 58 27 86 20 18 54 92 93 45 87 97 50 91 23 83 41 31 34 65 82 82 71 47 28 41 19 2 0 13 85 9 93 53 32 50 43 34 21 38 48 43 56 86 14 90 8 74 37 64 54 86 2 25 27 14 14 5 56 88 4 32 70 74 90 54 99 32 96 17 43 92 
47 71 5 66 9 26 88 58 33 32 89 93 88 87 9 94 60 33 56 10 31 49 77 76 64 19 4 99 8 3 73 32 54 86 29 80 63 69 0 61 74 8 35 48 78 50 60 77 23 14 55 86 40 71 87 13 49 12 9 32 51 16 35 45 74 21 54 99 21 95 12 99 79 39 48 67 20 54 39 22 92 
46 39 12 40 23 23 2 21 43 96 92 33 98 12 47 83 44 53 76 95 56 98 8 13 28 89 42 15 91 88 32 89 99 95 29 11 65 17 39 0 81 48 49 97 10 77 55 53 16 73 38 46 19 63 86 79 23 4 39 40 78 50 63 83 7 77 57 76 15 30 85 44 95 34 2 17 51 27 80 79 35 
76 36 64 15 52 20 11 27 20 99 77 6 35 31 62 46 3 72 88 34 47 39 82 68 25 51 35 80 63 67 87 90 18 24 23 56 88 91 86 77 0 29 95 27 24 40 35 67 15 11 74 8 35 11 6 84 2 45 31 70 83 45 89 97 41 66 23 40 80 68 74 97 73 13 38 89 87 42 27 96 13 
78 43 12 9 11 99 35 11 31 62 73 79 28 26 28 62 4 41 53 44 36 86 86 76 70 75 15 13 34 5 69 38 14 71 3 40 1 21 27 30 36 0 70 17 13 90 92 41 70 59 60 11 71 78 90 56 92 89 34 85 50 19 50 42 45 33 49 3 29 73 36 74 76 3 96 45 45 97 21 58 33 
81 56 35 37 33 92 14 43 95 68 67 18 84 55 80 75 91 21 10 71 40 38 30 99 9 30 73 39 84 54 7 25 42 56 15 21 57 6 49 17 15 38 0 64 3 55 49 28 1 47 2 76 36 73 77 38 28 60 82 45 34 6 31 54 11 89 36 55 65 89 80 32 53 25 96 87 20 61 80 68 38 
48 71 31 74 50 58 67 87 69 27 67 58 34 14 18 36 4 61 77 69 71 89 43 34 48 6 8 37 49 64 20 81 79 96 51 22 73 13 57 15 6 8 48 0 56 22 64 18 7 13 73 65 46 61 31 23 54 85 26 55 65 18 92 66 29 69 54 19 98 72 94 48 75 20 70 18 88 58 14 4 55 
5 44 96 66 63 14 90 42 89 9 75 50 93 62 84 49 32 51 25 7 68 34 69 66 70 59 96 76 51 15 7 48 11 79 5 61 91 45 72 4 6 61 72 75 0 36 83 96 77 69 35 66 66 74 28 23 55 17 51 82 57 43 84 69 12 95 63 21 75 43 3 64 80 24 75 43 49 45 8 76 13 
76 87 50 24 42 91 39 50 86 34 58 45 33 36 42 38 86 4 53 70 29 55 45 95 34 85 3 99 85 43 64 6 65 61 11 70 12 39 91 95 39 44 67 56 54 0 67 80 69 31 64 81 26 19 69 40 75 79 47 34 59 26 34 71 12 78 73 51 19 75 1 55 20 25 41 99 33 21 62 99 97 
24 98 26 74 73 90 26 34 4 53 74 52 55 15 90 15 79 66 52 69 56 56 30 65 57 1 78 51 85 61 63 5 27 95 4 84 76 52 88 65 95 94 97 61 38 76 0 11 33 26 57 32 31 16 86 51 1 7 31 96 95 73 35 64 26 10 65 60 56 87 33 30 41 92 99 9 81 89 81 42 28 
41 65 36 43 99 84 15 18 5 78 20 22 48 12 39 14 2 41 47 12 87 42 79 89 58 43 24 29 4 89 21 28 48 66 15 37 18 9 60 70 6 59 61 58 14 46 25 0 30 81 52 15 31 67 40 53 63 68 19 27 69 77 48 69 14 82 64 54 70 65 66 59 1 57 11 40 53 27 88 22 10 
34 34 33 39 40 57 5 33 21 7 77 14 46 75 16 36 61 96 23 96 84 54 69 95 56 99 82 95 57 51 75 42 59 60 83 6 38 32 39 1 15 70 63 51 47 45 16 39 0 11 96 7 27 42 20 93 62 74 19 39 98 62 93 50 53 84 86 73 86 9 81 76 17 98 88 32 47 35 95 16 17 
54 93 58 98 36 33 2 24 32 27 51 96 18 70 88 99 47 41 53 68 85 13 70 45 14 7 82 54 51 16 47 50 47 20 55 33 68 46 79 61 36 79 68 91 59 72 30 11 50 0 81 86 62 83 65 55 72 57 20 57 63 22 42 79 75 17 45 89 88 16 67 10 75 17 77 10 10 90 33 51 79 
74 52 43 9 66 44 55 35 53 91 8 26 8 11 81 43 51 59 49 40 23 82 18 53 11 98 61 40 73 26 36 80 36 68 99 65 13 58 33 95 23 18 53 86 82 56 12 73 31 13 0 24 49 28 69 46 29 95 97 4 14 62 23 6 48 27 23 23 34 86 17 98 15 70 12 42 55 73 35 4 29 
10 22 5 82 14 36 79 81 11 23 28 59 14 86 95 83 95 51 46 10 45 70 48 74 86 26 7 10 86 30 59 93 65 84 71 97 11 87 61 62 9 33 67 46 88 55 67 87 43 68 97 0 34 87 66 90 23 55 13 25 92 70 75 65 69 60 42 55 42 66 82 97 92 13 61 37 2 95 41 58 66 
69 32 1 47 10 90 99 34 86 27 7 92 63 21 51 92 18 73 81 37 14 4 31 14 88 72 89 35 12 88 41 12 55 73 65 13 90 15 15 86 8 77 3 93 80 58 2 46 91 56 12 96 0 29 99 94 32 58 12 9 54 93 59 4 49 50 79 97 34 73 88 30 42 71 79 10 63 90 47 35 38 
97 88 26 93 60 59 42 80 48 46 99 16 17 15 10 59 28 53 12 13 48 88 75 83 21 97 1 24 96 22 76 10 45 54 94 77 99 13 20 59 18 38 83 28 86 43 28 22 22 64 54 16 5 0 50 13 34 7 70 40 9 64 33 37 94 25 7 62 7 63 49 59 96 42 9 45 57 67 84 28 43 
25 64 67 79 6 74 41 73 97 42 72 15 59 82 20 6 2 30 36 17 95 59 2 53 42 62 95 46 26 22 6 50 46 60 74 7 66 32 7 25 50 37 92 99 71 89 74 24 78 3 68 77 18 74 0 66 15 1 55 54 19 45 97 77 3 92 26 16 80 11 82 12 16 68 87 28 86 44 51 52 15 
95 13 1 15 96 4 54 54 36 41 81 27 67 17 78 18 78 7 97 96 9 37 7 83 20 30 13 30 7 31 4 37 69 45 73 55 52 90 45 42 42 70 94 66 39 20 81 30 89 23 90 91 37 73 25 0 24 12 12 3 77 44 77 66 78 74 68 39 23 84 60 18 60 4 36 81 1 8 1 38 84 
55 21 81 22 70 96 71 64 37 11 4 7 57 21 2 4 96 29 54 31 40 92 32 54 78 59 17 67 95 92 35 47 72 67 94 60 31 41 67 30 90 31 77 86 13 4 36 34 78 51 58 8 36 23 56 74 0 77 90 28 30 34 20 5 61 59 83 6 90 82 95 90 58 6 35 20 19 4 10 57 65 
46 96 48 90 14 79 67 41 92 69 28 31 51 86 45 69 87 80 49 73 19 24 77 86 15 46 92 60 75 20 11 34 60 33 40 57 32 64 15 58 27 89 8 15 24 91 82 64 11 89 40 58 58 10 72 94 74 0 69 16 28 32 60 21 55 28 60 59 42 45 74 4 89 54 41 11 62 10 30 56 57 
28 89 49 12 43 15 8 88 62 61 15 95 24 16 43 24 88 73 55 67 92 68 11 45 97 31 87 82 27 81 49 41 93 48 39 91 13 82 39 88 9 74 2 59 96 19 3 59 20 97 67 73 41 96 50 53 22 95 0 40 51 41 18 82 90 59 13 55 6 21 14 87 4 47 29 56 10 57 29 25 78 
45 36 91 97 37 46 50 12 66 71 75 1 78 52 67 16 52 27 10 2 29 24 79 89 34 63 95 67 83 16 88 18 87 97 88 77 98 62 86 26 24 15 50 96 50 93 96 16 84 9 31 55 45 14 77 51 20 78 98 0 56 87 93 43 43 91 30 67 93 45 40 27 5 90 4 58 3 6 13 81 21 
52 68 95 18 57 68 44 87 6 17 65 90 52 40 34 47 71 30 60 86 29 65 12 87 6 90 61 80 15 25 60 23 81 49 25 37 93 79 74 21 76 86 66 89 82 58 38 15 84 88 94 63 59 96 78 83 44 51 15 62 0 39 78 94 59 76 73 76 5 11 75 87 31 18 76 75 6 27 17 10 64 
80 16 3 44 32 23 13 72 54 82 53 11 78 96 47 97 61 70 13 75 13 46 88 96 97 53 84 44 29 43 22 70 47 16 86 33 57 78 68 58 88 67 33 26 78 36 87 27 21 83 49 19 6 49 10 25 89 30 42 58 15 0 91 10 67 72 88 27 31 98 53 89 99 86 63 95 78 68 62 93 59 
89 88 22 71 81 15 35 33 23 80 38 94 3 75 72 49 82 97 28 24 76 26 96 23 29 96 15 24 8 2 55 67 53 52 28 24 82 64 71 91 84 30 21 44 84 6 31 84 21 26 61 24 99 42 49 35 75 32 75 60 68 99 0 73 9 20 79 46 46 16 60 34 73 68 85 97 46 9 65 24 19 
61 31 41 3 98 37 16 6 7 6 55 44 11 20 79 50 34 39 13 27 19 54 25 16 58 67 55 5 44 94 18 27 24 3 4 20 67 65 5 92 78 31 97 21 72 60 52 91 39 14 34 14 83 35 74 9 44 77 63 34 11 62 71 0 23 37 17 84 82 32 77 36 28 39 59 74 17 64 45 63 53 
94 26 77 97 90 7 95 46 23 38 69 75 87 82 64 39 30 35 21 21 57 61 38 63 44 64 93 30 24 67 20 29 21 44 7 45 52 74 76 31 22 40 24 91 43 34 27 80 43 64 13 21 39 83 86 42 17 28 83 44 4 32 28 93 0 66 29 44 67 25 58 66 80 31 95 66 97 18 20 1 56 
13 37 94 46 2 75 41 16 88 81 7 18 59 63 78 12 4 70 23 61 92 45 41 93 83 77 11 58 94 12 1 82 37 5 91 70 69 29 96 79 54 5 62 16 85 75 34 6 37 99 36 24 11 41 89 49 72 15 78 97 42 49 88 96 87 0 88 87 62 28 73 27 58 63 2 36 19 81 34 75 13 
27 47 54 25 75 41 44 13 68 15 87 23 86 89 34 79 79 54 55 33 18 39 50 87 56 62 3 92 23 45 95 21 27 30 76 31 29 32 58 12 82 80 92 7 25 57 21 47 36 91 69 19 36 48 67 17 41 50 3 4 78 90 84 95 24 24 0 59 88 55 20 93 6 44 8 12 1 68 81 87 74 
14 89 93 23 19 47 96 32 53 44 31 50 77 81 14 22 76 58 10 58 90 32 38 16 9 46 27 97 10 86 51 85 80 9 42 40 51 76 63 90 63 15 63 13 20 88 93 11 76 38 86 3 76 99 75 55 94 84 69 68 36 12 80 38 51 96 16 0 88 66 4 22 84 38 96 18 79 95 44 72 30 
16 62 9 95 82 88 88 15 22 24 28 96 64 31 65 39 31 98 6 11 20 25 41 95 19 5 31 26 95 40 59 34 33 34 1 45 76 28 25 35 85 98 94 35 45 81 25 12 22 25 42 81 61 13 69 82 83 36 72 83 94 9 77 13 70 69 6 66 0 55 17 8 67 32 75 8 45 46 40 69 28 
83 47 24 86 3 30 48 43 92 36 69 80 66 90 7 70 44 3 97 27 4 65 1 20 87 87 43 62 83 58 72 42 51 95 35 34 21 92 37 55 63 4 71 20 72 27 27 36 2 85 66 25 7 75 5 82 1 57 14 75 28 5 74 60 20 34 30 42 27 0 93 27 72 80 18 21 65 30 76 80 92 
11 86 91 62 10 22 74 53 65 27 8 7 68 30 7 62 15 26 14 48 66 69 42 82 63 74 85 85 23 15 5 72 16 20 86 69 88 11 69 45 29 82 26 22 63 26 54 26 52 28 74 33 75 49 77 37 1 86 21 32 21 98 91 83 84 9 77 38 2 62 0 34 64 66 55 82 17 78 14 98 81 
50 91 34 77 71 97 51 58 38 28 67 29 72 28 76 14 49 49 82 4 3 64 25 12 15 2 45 38 56 6 73 71 12 83 89 82 12 14 6 35 30 43 68 95 88 96 3 3 17 9 67 87 41 57 26 62 95 59 85 61 72 88 19 55 55 96 59 2 14 9 68 0 87 31 48 73 21 80 75 88 91 
74 12 43 56 74 19 35 20 86 27 98 67 32 40 75 43 84 66 22 74 35 7 66 68 42 27 39 73 13 54 3 27 34 4 92 9 11 88 29 57 48 26 53 79 65 94 87 75 34 76 60 66 50 78 89 3 54 11 50 4 92 86 19 61 7 21 2 21 43 13 30 91 0 13 91 5 56 46 12 36 35 
84 97 8 96 78 25 74 25 93 42 82 12 92 12 16 44 26 73 52 68 38 57 86 8 74 68 74 68 65 65 9 63 37 20 77 73 41 41 27 17 35 77 40 81 95 31 58 33 20 10 14 65 92 55 52 12 68 81 4 91 90 5 26 94 28 61 63 84 58 73 94 85 69 0 16 72 8 94 6 35 66 
67 87 38 52 4 70 20 85 80 93 94 35 72 25 48 56 20 38 55 26 98 39 4 15 63 88 75 81 45 7 78 37 34 2 25 45 82 36 49 31 63 40 23 75 12 45 66 7 98 78 73 96 94 47 22 20 38 83 7 43 33 23 47 27 60 60 37 6 45 3 17 7 75 23 0 3 16 98 79 50 58 
4 92 82 30 38 26 1 4 69 65 30 61 69 43 36 52 23 35 89 96 46 83 68 66 49 30 36 94 91 27 91 19 66 16 19 11 13 34 81 47 90 18 62 25 16 9 29 71 75 48 62 52 40 81 29 1 99 33 64 73 92 58 96 11 12 72 30 73 59 59 91 25 71 35 41 0 48 64 81 83 89 
78 13 9 17 89 78 49 64 81 79 19 75 29 96 79 64 43 38 10 32 31 99 52 22 97 36 48 85 84 96 30 24 2 41 73 46 72 3 55 31 81 60 4 64 62 13 89 81 17 51 39 3 20 56 45 37 27 75 93 65 25 50 64 74 23 87 3 79 4 51 68 42 8 8 90 27 0 47 98 32 1 
15 27 66 19 67 20 89 87 2 50 56 52 6 92 31 71 43 41 28 90 36 76 60 9 59 61 83 87 43 41 7 6 61 89 23 71 52 15 21 48 15 41 26 56 72 7 88 13 89 30 29 85 93 67 8 15 68 41 7 88 80 26 97 21 52 63 32 10 49 14 23 70 28 51 68 25 64 0 60 98 92 
10 72 96 30 17 95 12 10 3 24 24 57 50 33 35 37 90 13 38 96 64 57 1 87 94 88 13 10 93 53 76 95 3 63 47 45 62 92 30 89 29 71 72 77 54 93 11 49 3 7 71 51 73 63 73 32 17 38 52 58 62 19 66 95 70 56 55 61 83 32 28 72 86 78 46 89 32 65 0 2 40 
83 56 67 17 20 96 43 68 46 60 56 85 90 79 90 81 26 35 35 5 62 13 26 56 91 51 54 51 49 68 20 58 85 77 18 16 74 95 58 28 41 65 84 28 14 10 39 52 61 28 67 23 75 33 13 55 26 7 63 99 7 67 3 60 55 85 99 63 10 63 40 68 93 27 41 69 16 20 43 0 77 
12 24 76 42 30 42 9 58 17 42 55 91 29 5 18 69 98 57 88 54 85 43 75 94 16 58 4 43 67 7 20 68 98 19 28 36 3 35 23 43 40 86 11 6 1 80 17 89 8 73 10 21 5 34 91 20 27 84 81 20 71 32 76 21 68 13 1 21 63 88 46 73 52 1 38 16 78 51 99 6 0 
