0 5 67 32 84 22 11 15 41 90 90 62 56 21 59 72 78 16 86 16 78 43 21 83 60 22 14 82 49 39 83 37 48 68 33 94 61 17 20 8 31 93 61 86 28 82 1 75 14 4 44 73 72 6 53 61 9 9 65 31 59 88 73 32 58 27 93 15 98 81 93 55 98 92 14 16 47 87 41 28 69 22 23 92 1 35 21 56 45 87 46 58 39 21 68 86 18 59 98 46 60 46 79 63 24 7 54 30 16 85 96 40 43 83 10 11 94 5 67 72 94 
92 0 27 75 43 34 2 95 66 19 94 9 16 73 63 50 71 20 85 51 42 70 38 44 37 51 49 16 29 52 91 42 51 71 79 72 66 81 57 70 21 79 51 74 46 6 84 53 61 57 90 19 77 86 53 43 11 85 56 15 64 58 29 17 57 23 74 27 76 94 50 45 33 68 4 71 24 68 35 33 40 19 57 54 33 61 65 31 72 71 11 90 79 73 51 28 48 36 47 68 91 51 14 94 88 50 10 77 27 7 86 61 64 46 87 66 87 78 16 6 33 
4 39 0 48 29 16 32 12 60 37 16 44 10 10 71 96 97 57 17 73 64 41 90 74 85 52 71 12 13 82 30 28 49 7 7 87 62 19 36 34 2 78 29 50 19 77 75 76 95 5 98 93 44 61 30 3 81 26 39 8 3 65 34 29 83 64 63 30 69 9 15 75 39 77 15 35 83 43 63 85 26 32 90 23 61 53 67 52 95 70 45 41 91 53 35 36 51 48 91 2 82 45 90 60 75 61 53 70 26 57 45 38 11 18 46 75 55 33 77 52 48 
36 48 92 0 28 45 89 10 24 69 46 3 55 31 55 11 99 25 85 24 75 36 41 68 43 4 19 13 95 80 75 39 30 91 39 82 14 80 27 66 8 34 39 67 94 74 41 26 68 78 65 94 54 82 22 33 68 67 65 62 44 90 30 44 12 73 34 52 1 38 83 59 76 3 97 25 74 27 22 93 9 38 94 74 7 50 56 87 73 39 5 75 70 35 95 28 8 18 1 53 84 57 75 11 5 10 98 44 75 20 8 17 79 37 36 17 37 43 33 83 44 
5 90 10 67 0 46 32 12 57 50 52 47 64 99 80 95 94 8 70 65 68 81 52 61 25 57 28 64 60 80 67 28 73 22 34 56 19 67 78 38 85 15 74 11 1 24 41 60 2 13 20 16 95 63 18 11 46 13 2 41 97 3 72 13 13 22 31 30 93 81 72 83 24 25 30 49 10 8 17 71 20 10 87 4 91 20 36 84 70 84 31 50 42 14 50 49 76 2 71 71 64 11 93 78 30 32 39 73 62 31 34 12 10 86 3 26 68 57 29 73 59 
45 68 93 71 21 0 6 47 55 5 86 79 58 71 29 60 22 18 88 88 91 1 35 71 83 4 25 34 92 96 27 61 98 70 32 33 60 65 14 21 70 17 82 32 83 64 51 40 90 22 47 34 55 64 10 28 1 65 2 19 14 28 11 62 39 2 20 5 25 38 20 51 82 91 95 88 5 52 12 99 17 33 7 29 67 67 89 50 58 46 1 96 84 19 55 78 1 12 17 69 47 16 69 64 5 80 90 80 11 45 25 44 33 90 76 54 80 81 85 98 88 
67 1 5 68 47 72 0 93 74 88 94 72 21 68 90 69 97 61 87 73 81 78 87 91 11 1 15 31 55 28 30 54 48 1 64 50 65 63 23 1 14 82 89 27 53 80 42 41 68 86 41 74 1 55 88 31 42 97 72 18 64 59 3 1 43 70 69 76 56 70 1 84 63 64 22 70 91 67 27 38 63 67 55 23 33 74 81 3 97 74 33 45 46 17 51 93 40 63 77 87 28 64 1 94 81 56 23 88 89 28 16 17 60 45 28 65 13 46 92 67 30 
61 25 48 37 80 92 61 0 81 52 72 83 39 25 82 32 31 43 3 83 28 34 46 76 41 31 29 55 83 11 97 11 90 21 7 25 57 28 79 35 84 41 96 74 10 75 40 87 11 11 78 92 3 69 91 56 12 58 74 42 61 69 58 12 58 22 37 12 31 78 33 99 45 61 16 94 64 59 82 28 9 22 2 18 46 7 89 45 95 58 32 76 19 7 58 52 46 64 78 83 38 91 82 15 75 50 76 7 94 39 50 98 27 96 66 39 21 59 97 96 78 
37 57 88 71 2 54 49 37 0 90 27 56 1 43 19 65 95 78 19 64 11 54 54 14 42 87 47 77 52 32 17 26 1 86 62 49 11 78 30 94 94 51 94 22 54 14 67 37 39 8 12 32 46 34 89 21 66 45 97 26 65 94 87 52 72 70 49 29 87 11 12 98 6 83 63 18 37 64 9 1 56 48 85 94 73 46 48 9 63 48 1 43 80 17 43 25 81 63 52 80 72 89 88 76 13 38 75 84 62 45 5 71 87 27 96 8 1 94 74 54 20 
59 58 44 85 46 55 18 51 76 0 49 10 52 22 49 4 78 62 92 13 50 2 67 9 99 31 26 37 5 58 84 8 67 3 81 22 8 73 9 95 62 85 86 72 28 85 84 67 1 65 27 98 10 52 99 6 25 12 61 9 90 91 18 43 27 95 78 14 89 60 56 30 1 58 34 38 32 80 56 29 34 59 5 67 86 3 97 60 62 71 48 25 84 12 3 64 27 2 72 62 23 7 83 95 9 99 71 48 89 88 1 93 35 78 89 86 45 85 59 33 5 
97 47 15 93 58 96 21 48 71 2 0 70 81 12 15 8 51 65 7 11 33 82 9 28 77 2 34 62 71 19 53 68 49 9 73 48 13 93 66 82 26 15 83 60 36 13 87 22 43 99 7 62 93 15 98 4 57 38 97 9 86 66 45 19 69 54 81 85 23 20 50 29 20 67 53 83 38 74 64 40 9 20 94 88 34 86 4 51 22 74 65 97 62 10 55 84 46 13 36 63 78 21 57 74 91 78 77 37 92 51 59 15 33 27 80 27 47 97 3 15 55 
21 64 63 27 74 19 51 34 8 69 18 0 24 52 66 8 6 44 40 95 76 11 88 23 30 17 17 62 89 41 54 93 56 21 14 71 57 76 39 58 71 88 22 66 96 48 33 46 38 8 25 26 94 72 68 40 93 91 13 51 82 41 98 4 34 5 19 11 15 97 89 77 32 63 50 85 20 21 39 84 97 94 59 26 97 3 73 16 10 95 80 83 35 30 81 41 25 8 4 66 4 36 45 13 14 11 80 50 70 33 2 26 18 87 71 31 44 91 88 60 11 
30 43 44 46 48 96 49 19 12 9 83 35 0 47 57 71 47 58 57 32 59 41 1 74 56 78 76 9 6 56 18 62 21 29 96 2 38 65 80 1 62 20 55 28 16 61 93 17 39 53 25 45 49 31 59 84 81 62 31 45 16 1 35 9 74 54 78 69 92 25 44 21 70 27 31 73 72 86 36 12 79 78 31 79 96 82 41 75 62 10 11 30 1 37 33 39 42 69 96 42 6 7 21 24 85 55 33 10 25 8 2 90 87 32 75 61 87 1 80 21 88 
41 77 16 54 83 32 4 66 94 79 49 43 81 0 8 16 38 96 82 2 14 3 33 21 91 5 78 53 75 67 37 75 45 2 3 39 11 94 83 41 84 46 50 84 89 51 87 7 24 91 62 47 78 24 15 85 74 23 15 4 74 24 78 79 80 45 4 39 24 43 63 97 68 65 60 92 4 3 31 83 67 54 76 27 71 29 51 58 70 32 80 50 22 36 51 40 89 56 62 9 75 72 31 46 3 88 86 15 12 44 29 56 59 60 63 16 67 35 84 92 5 
56 29 38 19 13 83 85 30 44 43 1 3 94 44 0 46 39 56 87 12 40 91 70 53 6 71 14 30 50 99 91 47 42 50 92 55 93 20 33 82 22 92 45 25 49 25 12 53 71 90 5 5 11 57 76 36 81 78 2 7 75 34 52 77 66 31 25 11 21 35 13 91 42 2 92 85 60 95 81 94 77 73 57 20 3 44 90 59 71 97 30 62 93 56 30 26 95 21 72 32 7 30 29 19 78 89 64 1 80 85 36 39 66 72 48 2 73 58 7 13 93 
61 13 40 88 62 75 89 84 99 20 83 57 75 15 72 0 52 30 31 22 92 68 25 86 29 4 86 25 72 9 47 60 37 29 46 9 95 64 56 43 66 53 1 56 8 27 71 16 3 17 81 4 41 48 82 16 39 96 84 67 66 70 79 21 25 97 31 38 41 44 84 4 78 60 5 44 61 44 28 80 9 77 55 96 49 63 65 39 8 91 58 81 85 29 47 33 97 42 88 84 35 22 57 97 83 86 48 22 54 3 99 50 18 41 79 1 95 68 93 27 51 
71 10 39 64 36 5 63 35 72 48 73 20 1 78 25 67 0 47 11 30 65 30 63 48 70 49 28 54 99 78 57 81 45 11 33 30 40 17 81 20 66 96 7 43 74 32 26 46 95 22 26 68 1 2 35 8 41 34 33 85 61 53 40 13 46 77 18 79 68 26 12 87 42 71 87 17 41 55 38 14 37 10 54 63 53 77 60 86 94 36 78 27 14 9 25 31 24 29 56 62 55 44 87 49 23 14 59 87 89 58 86 61 59 52 85 64 52 64 73 77 67 
5 55 34 79 23 4 29 65 42 6 77 50 45 99 77 64 8 0 64 13 27 10 88 97 75 75 74 23 99 9 19 8 2 8 71 5 32 9 53 57 99 69 47 67 17 34 54 73 74 29 37 98 91 32 94 99 58 69 45 47 49 8 38 16 44 40 55 22 15 24 12 7 20 33 83 59 55 51 81 85 61 29 78 45 27 51 1 66 27 51 5 98 50 26 15 88 13 91 64 55 33 64 89 51 11 81 13 78 77 50 6 36 77 60 14 43 43 48 37 42 24 
89 73 39 26 77 67 55 78 88 88 52 39 46 14 20 34 8 43 0 74 15 3 78 24 33 57 60 36 72 32 82 70 91 70 86 99 7 2 1 67 79 3 3 61 43 27 13 30 68 78 52 52 87 24 86 42 17 28 92 66 99 84 77 79 96 9 72 40 58 83 77 31 89 33 36 62 60 79 15 17 91 58 8 61 23 22 2 53 96 92 36 98 7 1 57 61 63 96 76 34 96 68 6 34 29 76 88 99 59 21 94 81 22 31 29 92 30 26 1 17 18 
87 70 72 5 87 15 25 40 66 77 78 58 31 95 85 40 54 85 56 0 39 47 90 36 84 24 79 4 55 27 42 44 52 93 58 61 27 31 52 73 71 11 61 46 72 33 98 2 97 82 89 86 65 95 70 95 9 72 76 15 46 51 29 13 97 26 96 60 77 89 33 40 11 63 93 75 37 94 35 73 3 90 26 34 9 41 99 11 66 2 14 22 65 41 86 60 14 55 26 20 59 55 20 70 50 72 32 61 30 7 51 40 1 76 63 94 1 27 59 94 3 
65 75 14 3 58 42 15 55 5 39 42 26 39 5 1 40 91 49 85 57 0 99 97 60 13 32 15 39 2 34 79 55 12 46 81 37 13 82 99 85 82 36 21 37 9 94 80 7 37 45 25 63 67 9 61 98 36 62 12 23 41 10 69 70 53 39 68 53 63 22 25 92 66 72 95 97 47 5 6 61 15 40 7 62 31 39 36 47 89 91 86 6 19 43 68 57 54 20 62 25 44 44 55 3 10 72 20 38 89 56 5 13 63 90 11 77 94 76 79 13 86 
90 30 4 34 59 81 47 96 77 15 13 76 91 29 47 49 68 39 23 32 88 0 2 84 24 61 85 91 99 29 90 47 56 23 40 24 22 84 21 71 99 11 99 17 12 88 14 84 45 17 96 93 94 31 11 21 75 66 49 69 11 48 39 12 39 9 46 28 80 23 37 15 40 13 77 24 63 69 77 27 97 19 12 57 69 83 97 25 52 7 80 86 68 12 45 98 7 93 64 58 44 49 27 32 63 48 7 94 71 17 62 97 51 37 58 35 73 36 8 32 6 
12 68 64 87 91 64 40 58 15 16 40 77 39 70 5 90 42 41 9 78 41 62 0 33 99 8 8 77 86 53 40 24 81 47 36 74 9 12 24 92 18 67 58 42 46 26 18 98 76 73 65 70 17 45 58 59 88 77 44 89 8 43 77 81 83 47 68 87 41 53 48 63 40 85 6 35 64 78 86 35 58 53 77 73 55 95 2 17 24 6 65 75 22 56 75 14 90 67 21 43 16 48 55 75 75 32 37 22 4 73 73 2 88 60 60 9 97 50 96 9 22 
45 24 39 98 64 39 2 86 18 21 99 45 67 51 53 89 81 64 29 32 20 31 28 0 99 98 1 7 34 96 13 47 30 7 58 10 94 54 33 45 7 71 92 76 45 20 54 93 40 39 43 56 43 5 23 83 19 27 26 46 1 72 6 28 68 76 27 47 38 55 9 37 25 28 61 61 51 45 19 35 57 98 17 37 34 58 23 82 11 1 17 35 39 68 81 44 24 4 25 43 96 10 46 31 81 29 74 9 73 95 45 38 30 75 64 40 70 39 33 10 38 
50 75 20 93 99 77 21 45 46 10 22 10 54 49 67 68 17 87 74 29 30 98 4 17 0 12 43 56 21 84 75 52 6 74 27 67 98 81 99 82 52 6 28 27 58 26 96 71 1 7 58 67 43 5 71 2 76 71 3 33 6 7 50 62 19 8 62 73 48 80 59 9 31 52 40 87 41 45 24 17 1 3 64 89 78 78 85 7 62 70 58 87 94 2 6 18 83 99 6 35 25 28 44 95 94 78 13 90 63 29 43 76 83 7 70 31 2 74 35 83 57 
91 93 11 8 33 53 94 89 83 69 81 96 5 70 18 91 93 96 77 25 43 35 6 56 57 0 69 23 97 93 90 53 16 34 33 65 13 99 59 3 16 99 95 6 36 38 54 25 85 65 79 20 8 74 41 47 70 23 83 68 11 13 74 38 90 69 42 58 3 82 90 44 24 9 55 70 23 52 99 66 85 62 76 46 39 99 79 54 89 94 77 88 79 70 15 7 18 7 10 45 90 60 76 99 66 56 74 37 39 21 19 49 5 94 33 61 40 62 82 86 97 
98 28 80 69 22 59 39 71 51 55 63 90 66 9 98 65 73 1 5 60 8 20 66 1 17 25 0 15 76 20 82 11 5 16 71 1 97 58 4 3 62 97 85 94 17 99 17 40 52 67 48 52 7 39 54 4 16 32 60 59 81 59 80 98 4 52 64 45 65 92 33 8 26 33 15 6 38 45 35 50 75 15 76 60 9 45 22 36 98 44 74 85 5 49 37 4 50 74 56 3 50 70 91 77 67 27 22 36 16 37 99 36 99 76 87 46 96 55 45 14 49 
48 89 43 13 96 23 24 50 21 72 81 63 4 55 8 81 3 84 76 36 21 12 48 6 68 82 17 0 56 49 60 24 90 34 39 37 65 38 37 17 48 49 8 69 66 92 5 36 53 84 40 33 33 65 73 49 44 28 46 88 8 46 67 57 53 42 44 26 86 57 59 74 77 32 9 23 4 61 71 19 96 7 14 64 89 53 36 16 60 41 8 7 93 54 52 9 83 33 26 64 95 7 5 2 45 97 89 82 7 19 78 10 7 38 21 80 12 93 26 11 42 
36 35 52 40 17 6 20 96 55 70 9 42 8 5 24 46 82 79 63 40 84 39 59 78 91 25 91 78 0 63 52 59 9 90 84 15 88 34 10 67 61 36 3 6 50 20 61 58 75 24 64 76 86 34 90 68 33 69 74 9 15 35 73 4 44 83 95 49 85 38 65 21 78 22 98 66 57 50 40 13 74 29 38 89 89 3 40 21 54 43 48 43 21 19 86 91 52 7 71 99 78 20 63 56 43 97 51 40 87 66 3 38 49 13 51 17 59 69 42 11 20 
72 84 56 14 99 14 63 20 1 7 87 10 39 44 67 98 77 71 66 90 64 17 39 66 29 76 45 55 96 0 53 63 18 24 66 34 78 51 99 96 42 28 67 85 94 97 64 32 60 32 2 96 16 23 39 70 93 46 85 65 99 50 43 99 16 37 83 33 71 71 98 13 23 71 12 96 41 14 15 89 27 84 56 20 76 90 32 47 25 59 44 82 91 2 5 30 51 37 91 97 73 90 20 37 82 19 70 29 16 83 72 31 92 40 54 97 25 14 46 92 2 
88 38 95 77 66 4 51 5 33 9 1 47 7 26 45 53 6 13 14 14 11 36 26 94 74 47 44 62 91 10 0 58 78 34 69 80 64 80 63 46 1 69 71 94 82 57 20 18 98 34 88 83 87 35 55 96 44 39 88 71 42 44 33 14 48 13 30 18 95 54 51 7 16 59 57 88 50 66 10 52 61 56 88 97 83 37 81 17 61 8 50 43 52 40 43 80 75 89 40 39 69 64 12 90 75 18 79 47 49 5 63 5 7 33 11 58 81 2 81 46 13 
96 98 66 57 10 52 67 84 42 73 68 93 58 54 65 90 2 58 18 26 49 57 73 66 18 1 97 72 91 46 57 0 89 71 28 13 33 61 69 85 2 42 38 5 66 27 25 23 42 56 95 79 55 87 20 26 48 77 10 14 60 62 3 74 80 76 58 22 93 53 67 53 43 59 25 18 52 43 45 19 12 24 8 52 61 45 43 48 71 49 61 75 84 63 55 44 6 41 31 39 91 72 38 35 8 58 75 12 70 18 37 4 35 1 96 31 22 64 15 58 83 
20 7 79 53 15 69 41 58 86 97 75 75 54 7 11 15 28 52 62 30 61 21 95 36 21 72 96 21 85 10 83 46 0 43 96 38 4 35 80 73 24 76 98 56 76 66 49 84 61 50 97 20 88 56 75 21 63 33 93 78 15 90 46 82 33 5 27 81 59 27 50 38 47 8 65 56 58 41 39 42 75 91 8 92 63 8 82 69 28 85 32 71 81 21 15 19 21 57 79 55 29 22 34 10 23 62 87 78 79 16 89 64 14 99 61 2 74 34 68 84 19 
81 9 47 63 96 77 64 66 69 94 44 66 31 91 25 46 54 25 62 46 90 21 70 34 61 23 42 2 62 42 19 31 26 0 50 69 16 22 32 25 81 91 84 97 39 45 35 39 1 31 96 17 79 78 25 90 7 28 15 89 8 47 23 84 5 8 78 44 91 53 92 7 21 65 49 14 37 46 8 20 10 16 5 51 72 47 59 37 23 4 71 40 32 47 31 84 12 90 3 30 81 10 33 62 43 51 96 69 94 33 21 25 93 65 87 24 98 67 45 85 12 
50 3 99 82 37 22 16 17 31 29 79 1 88 39 6 97 29 2 11 21 6 11 12 91 60 42 74 54 43 58 75 60 23 85 0 59 88 90 67 96 11 67 72 36 41 32 86 85 24 49 8 87 5 96 51 95 23 51 16 16 98 63 37 15 11 95 8 9 88 14 8 18 60 55 40 99 34 28 82 18 23 94 58 92 30 55 24 92 79 39 67 66 93 4 33 36 90 88 29 77 20 12 67 82 10 28 83 92 34 1 9 54 77 9 8 25 47 14 75 60 92 
49 41 46 78 15 77 87 33 61 23 70 99 78 47 5 20 37 76 3 96 77 19 37 2 90 61 93 52 91 98 84 55 84 49 84 0 49 92 25 60 97 86 57 57 23 23 18 75 65 37 69 86 73 45 67 87 38 97 87 78 91 48 67 42 9 26 1 88 24 53 9 55 81 71 65 73 26 67 56 14 79 85 75 48 58 95 84 32 48 89 7 99 40 39 34 43 46 5 53 68 59 63 6 69 81 14 12 78 92 1 58 17 42 23 11 86 21 87 91 64 39 
71 64 79 31 15 42 6 43 7 83 21 43 75 24 54 57 10 93 1 45 9 82 35 30 72 88 4 70 74 58 59 7 84 13 17 5 0 81 55 21 5 91 24 44 35 94 91 92 48 44 82 87 93 58 1 2 25 29 62 87 3 74 61 4 12 75 86 77 8 76 38 74 71 52 66 25 10 38 37 29 66 21 85 38 48 87 90 27 66 98 24 16 5 23 99 86 82 73 95 60 67 61 38 44 60 34 8 81 67 40 75 49 4 98 59 58 80 24 18 78 21 
53 76 15 10 65 62 98 25 86 16 1 23 86 33 53 81 76 22 40 97 93 59 81 45 8 48 47 33 16 61 16 95 27 59 30 78 48 0 25 79 7 38 89 76 49 68 86 36 51 35 64 54 79 89 97 95 8 19 1 82 7 29 65 55 79 5 3 46 49 62 54 88 60 10 30 20 9 78 4 16 29 35 8 50 66 77 45 75 57 82 33 51 18 84 48 85 63 70 12 73 40 60 42 61 34 47 26 37 21 49 16 76 63 4 10 65 81 79 87 48 85 
40 43 4 34 44 21 72 15 50 34 77 11 20 77 86 9 91 10 15 11 83 78 91 33 60 76 40 84 49 85 37 45 41 51 84 1 32 25 0 35 88 53 64 64 35 5 86 35 34 53 21 11 45 16 3 86 2 17 95 47 39 79 23 17 94 57 95 2 5 4 15 57 56 77 91 4 78 3 35 68 3 13 74 94 71 14 4 47 86 66 74 17 64 59 81 83 79 95 14 23 62 77 25 61 81 51 39 96 45 6 90 38 73 5 44 5 41 25 35 41 20 
2 28 5 6 35 35 46 95 31 93 4 4 46 32 64 15 52 83 30 26 83 63 88 23 31 61 33 95 77 2 64 23 52 2 52 69 77 4 10 0 54 51 9 1 44 94 4 56 60 91 1 75 77 82 50 39 98 85 18 6 84 6 58 52 33 58 73 54 22 24 2 38 97 12 93 10 10 63 95 90 62 67 24 60 88 1 85 43 84 53 37 83 39 22 54 16 8 82 58 53 30 62 60 74 71 99 37 30 1 39 3 14 93 2 29 62 46 41 69 88 19 
5 72 10 80 19 31 20 32 78 62 69 41 19 85 14 73 52 35 14 48 11 73 25 2 81 49 5 15 1 26 97 72 67 94 26 73 38 13 63 84 0 17 92 6 46 39 23 52 54 93 88 53 77 42 68 32 43 66 90 10 93 37 62 38 24 8 69 52 66 23 90 22 49 76 46 59 3 31 64 75 94 3 83 76 90 89 68 38 25 11 84 51 94 39 87 84 84 71 73 84 42 32 86 9 32 57 53 15 79 1 16 99 89 68 48 4 80 47 54 37 54 
86 95 58 32 82 16 33 87 64 3 73 34 62 31 10 87 17 64 72 97 19 29 21 55 22 8 26 52 2 97 84 55 91 64 16 41 70 10 59 84 55 0 85 2 89 42 20 94 11 9 10 2 14 43 65 15 58 12 60 60 92 81 83 85 10 26 86 28 39 22 64 66 83 57 83 27 4 99 37 18 34 82 53 33 80 59 42 7 35 25 10 77 35 13 29 80 56 96 30 91 75 81 81 7 81 64 99 33 31 55 14 39 12 30 70 22 76 51 5 31 50 
94 7 36 93 63 92 21 32 98 64 67 44 35 96 92 5 98 80 22 30 13 67 71 37 44 80 14 57 38 90 21 71 26 51 14 27 91 48 70 14 25 69 0 37 40 97 74 98 14 79 48 60 84 68 49 43 60 61 63 90 96 27 5 19 57 43 56 36 71 76 14 35 24 33 66 60 31 11 36 99 5 43 41 52 71 43 52 81 2 53 69 83 69 60 65 55 18 20 6 39 88 96 59 34 71 83 66 54 97 92 82 73 77 49 89 25 41 86 36 76 29 
93 57 12 18 93 14 76 23 61 28 49 16 46 55 58 11 47 76 67 36 58 34 29 90 52 74 43 60 6 18 36 78 66 67 49 43 86 77 50 74 62 85 60 0 32 46 8 24 83 34 73 45 3 72 77 13 45 60 73 36 50 60 94 92 2 41 62 49 31 91 61 90 94 29 68 18 96 71 39 54 60 29 49 90 96 18 38 87 12 32 41 39 59 35 50 80 21 26 6 38 22 56 95 8 73 26 70 30 9 50 67 18 23 92 14 96 3 99 34 26 17 
29 59 95 66 64 92 49 16 52 90 19 83 10 94 28 51 16 90 42 80 87 71 8 52 62 59 38 89 9 67 78 33 77 90 73 56 99 94 49 98 58 40 16 59 0 19 35 59 99 27 10 92 70 25 71 45 27 2 76 96 73 93 28 49 56 31 64 92 99 15 84 45 41 13 74 89 63 6 8 73 93 84 94 41 70 72 50 85 76 87 43 1 99 76 86 80 44 70 44 57 59 35 88 37 18 79 42 81 77 53 73 43 4 70 6 28 13 22 7 90 20 
38 76 18 50 47 20 84 8 1 88 7 38 51 9 95 48 1 46 15 43 37 66 89 90 88 12 72 89 82 85 72 62 85 60 52 51 37 54 61 7 25 15 56 81 50 0 7 64 99 37 92 51 39 72 83 92 71 96 16 68 54 20 89 69 71 7 30 72 72 64 35 36 17 4 55 23 24 84 92 39 66 65 22 56 14 17 83 75 79 82 49 72 38 61 92 22 50 11 60 8 10 10 41 61 21 13 17 4 95 61 1 53 60 39 78 5 50 73 46 38 66 
37 90 68 63 73 71 5 73 2 55 90 90 99 59 31 10 3 27 15 45 20 42 93 12 47 60 96 60 27 47 15 25 23 54 41 38 76 37 75 32 48 11 7 9 95 50 0 79 87 62 11 41 6 12 51 5 17 30 15 29 36 28 2 96 70 39 18 60 24 3 62 70 63 50 75 35 75 88 39 53 64 55 96 53 91 42 84 14 87 75 22 37 25 85 42 39 77 6 82 80 40 30 38 54 24 83 77 1 89 41 87 34 31 34 24 70 6 56 55 25 29 
70 60 65 54 87 19 25 24 72 51 87 84 15 56 39 18 16 9 79 16 40 58 32 69 40 84 6 95 52 14 39 88 54 48 54 63 2 50 28 75 73 68 30 90 4 17 5 0 32 17 85 14 27 58 61 96 90 68 45 30 20 32 40 69 48 95 42 71 35 5 52 74 69 44 38 65 57 75 13 23 10 7 1 58 26 60 15 79 11 22 98 24 47 1 66 47 71 30 48 96 79 97 17 32 73 76 10 7 91 56 80 64 10 94 6 46 39 72 51 25 4 
45 54 30 62 30 20 97 73 16 16 26 48 28 22 26 45 93 53 6 28 24 82 79 90 47 25 76 46 95 17 30 58 10 17 32 43 1 42 9 34 36 19 84 6 14 50 16 50 0 82 44 62 63 75 22 95 61 1 8 18 45 52 43 82 78 35 62 3 87 92 9 52 52 58 83 70 81 47 37 92 82 69 95 78 85 54 85 72 36 79 96 66 32 98 41 82 40 32 36 75 9 67 49 53 78 37 46 90 51 8 22 38 57 38 2 69 68 41 76 19 57 
59 49 22 64 90 45 46 72 56 37 26 80 49 94 96 5 61 43 51 84 88 44 95 5 83 98 52 63 80 44 64 28 35 18 72 8 82 37 44 59 84 55 23 12 81 82 41 47 97 0 68 25 78 19 83 27 60 24 30 61 4 2 70 1 97 5 97 43 88 74 89 43 68 42 2 77 14 34 65 23 68 50 39 38 26 50 7 68 98 35 72 33 79 65 6 51 59 43 67 79 9 9 9 5 64 32 7 57 85 87 70 37 62 12 76 50 94 33 26 4 75 
65 73 58 90 84 36 10 60 77 33 41 28 27 3 48 53 15 11 34 14 92 98 88 94 71 22 66 77 96 88 81 37 14 22 35 95 44 7 68 50 33 49 84 76 58 60 95 76 70 36 0 29 74 41 93 95 71 99 95 52 17 29 94 25 29 29 42 91 53 27 37 70 19 14 36 46 17 13 21 71 55 52 10 73 93 30 38 45 21 21 39 79 33 81 29 63 18 77 53 5 74 33 70 56 68 99 56 13 19 2 66 32 31 6 84 51 86 71 72 65 80 
81 57 33 13 31 58 46 91 2 75 83 41 48 27 89 35 44 49 11 54 42 72 57 84 72 87 1 20 64 29 38 32 16 92 45 84 81 10 19 47 61 94 89 13 55 50 44 61 14 27 31 0 30 17 24 74 25 12 46 97 68 36 6 66 22 91 70 49 10 88 10 82 3 86 26 67 77 1 95 86 56 67 86 37 37 15 50 73 86 35 22 64 91 1 29 27 18 93 58 95 91 63 17 9 42 70 41 60 90 88 97 4 57 52 18 35 13 45 44 77 33 
53 75 87 31 85 85 25 10 54 58 14 64 74 20 91 78 92 47 36 12 24 33 64 35 85 47 98 5 24 63 86 40 94 49 12 85 53 93 10 56 53 10 96 7 74 51 83 34 33 79 89 34 0 76 68 78 37 41 95 12 28 88 80 92 25 77 52 22 58 53 76 60 44 93 85 52 58 51 66 51 80 77 13 40 90 10 82 18 64 64 9 86 99 40 54 31 62 43 81 43 96 21 94 17 98 11 43 40 55 38 26 51 15 16 17 76 71 63 34 53 94 
59 82 14 4 77 17 29 26 63 8 86 49 19 47 87 85 9 27 84 89 30 41 14 57 6 82 2 4 61 78 10 35 92 67 86 3 9 20 30 49 21 53 40 51 79 5 95 26 74 80 12 14 26 0 77 62 86 12 37 71 25 47 10 76 24 81 97 80 32 27 28 20 30 28 11 31 53 25 51 18 74 53 80 43 82 84 77 7 65 71 31 84 75 6 88 8 91 21 61 2 4 17 68 84 38 91 12 76 91 87 85 77 20 45 51 90 16 40 67 22 18 
7 80 26 54 90 68 19 44 78 14 75 10 20 88 48 40 48 31 40 34 13 25 99 84 6 22 45 19 22 18 33 88 51 66 24 90 14 98 53 21 96 94 88 66 3 99 77 3 56 58 41 81 56 59 0 39 55 16 12 78 37 64 35 48 21 70 77 87 11 22 17 83 36 77 60 80 12 79 23 94 17 47 38 15 38 13 55 63 7 52 55 63 9 96 8 31 4 33 98 4 33 55 34 72 42 36 17 67 77 12 94 21 44 83 85 78 71 96 83 57 13 
42 28 61 18 23 97 18 77 27 3 85 48 40 37 2 41 8 49 79 5 49 11 83 34 40 2 66 53 37 73 19 32 16 92 43 34 60 2 24 5 73 35 30 12 79 8 13 63 44 32 74 88 56 58 84 0 39 90 47 92 4 74 78 27 15 78 80 20 2 95 58 84 75 22 13 95 12 41 12 44 48 75 54 40 95 68 72 34 79 84 44 38 22 54 11 78 28 65 89 58 83 40 64 36 66 46 55 50 30 65 4 21 53 61 11 26 52 48 29 54 3 
1 89 16 80 25 10 69 67 94 74 4 57 5 40 49 20 97 16 65 57 50 62 94 29 12 85 19 58 63 99 37 20 54 84 75 98 93 22 50 73 6 95 19 73 25 60 66 12 74 54 80 88 1 31 10 90 0 31 98 40 74 42 34 56 80 18 90 8 30 10 91 51 50 72 82 52 19 26 22 24 9 91 95 61 10 45 25 92 21 66 24 18 86 58 91 72 73 89 10 34 55 63 26 13 95 13 32 57 36 76 46 33 29 88 92 95 46 3 40 92 4 
93 79 25 13 86 53 76 35 96 83 76 5 82 21 1 47 82 91 5 45 63 5 16 53 71 99 26 4 70 58 56 44 3 57 79 55 77 37 98 50 61 95 4 38 31 60 38 71 56 54 91 67 43 6 28 41 28 0 15 80 76 88 6 53 67 16 60 42 27 41 39 89 86 28 24 18 3 65 88 15 15 7 75 35 18 4 35 6 12 68 78 22 74 20 88 20 81 8 40 46 4 57 47 86 75 58 77 66 27 83 47 13 42 84 2 85 54 67 45 12 96 
39 99 91 15 80 6 2 59 26 31 23 98 23 85 18 10 16 71 50 99 23 26 44 58 50 86 62 9 6 3 10 43 61 69 77 75 70 40 53 24 53 42 86 96 79 20 38 89 30 16 75 27 46 64 19 17 32 8 0 84 65 67 53 90 15 39 72 82 74 28 20 11 14 77 54 41 4 43 21 89 83 36 49 14 65 81 7 15 22 43 39 94 53 92 80 80 98 76 65 94 92 55 10 75 99 62 6 58 55 1 88 50 32 94 90 46 50 16 87 66 29 
29 34 68 22 24 90 30 1 78 32 54 20 13 2 80 18 29 45 35 71 21 26 25 40 18 53 96 7 23 77 53 91 98 59 55 50 46 44 9 65 64 31 2 62 93 72 45 14 91 21 11 23 60 33 54 5 32 83 37 0 96 67 91 61 96 48 50 37 17 66 79 94 62 13 79 80 18 3 2 90 77 22 76 64 86 57 80 38 86 17 62 75 82 61 80 79 45 96 18 23 53 12 76 40 59 43 65 74 77 59 94 9 31 9 1 76 12 9 62 40 17 
69 21 12 16 54 51 16 43 42 8 15 82 92 88 24 18 45 28 24 92 32 85 8 97 51 35 59 83 63 61 58 74 70 87 80 80 43 80 45 4 4 67 88 67 63 33 39 46 19 20 20 94 98 93 9 97 3 63 58 75 0 45 85 70 63 17 11 2 47 37 75 90 72 60 72 96 52 26 19 54 16 8 83 6 10 11 19 5 18 18 7 6 40 11 72 77 79 72 16 93 36 73 95 30 57 98 42 60 48 27 52 48 14 73 21 71 68 95 90 12 30 
1 58 9 57 27 97 53 82 98 53 62 8 66 54 81 94 86 63 30 53 98 18 29 37 27 95 34 70 70 31 6 69 49 34 90 94 98 58 12 29 92 56 10 3 89 94 6 67 40 55 47 13 69 95 14 70 71 83 61 99 14 0 18 68 36 41 93 83 87 63 28 40 32 41 41 79 62 35 76 92 55 58 45 75 91 71 83 71 76 28 23 10 31 29 83 31 70 4 49 99 46 51 59 28 42 74 65 95 20 86 63 16 3 99 23 38 89 9 18 61 32 
93 62 76 35 1 93 48 9 95 82 23 85 28 72 20 60 7 75 71 9 91 41 2 95 36 1 31 8 97 76 73 70 94 25 92 68 64 10 65 75 41 50 92 53 90 22 86 7 9 30 91 83 92 81 30 28 89 30 63 74 44 54 0 91 62 45 73 19 18 90 12 92 49 31 27 68 71 30 49 99 48 34 38 80 99 79 40 39 77 78 13 72 90 31 62 62 62 57 13 25 62 17 84 39 58 31 32 62 51 70 30 12 53 15 32 91 14 10 58 71 71 
19 27 67 54 97 45 67 60 53 24 20 33 75 56 92 18 89 81 64 45 30 16 27 82 56 19 49 7 17 3 99 31 19 32 5 59 66 41 40 98 96 89 14 1 4 22 17 38 87 56 83 68 66 3 72 63 3 22 15 14 46 17 36 0 57 39 51 72 67 52 10 89 30 69 8 38 18 33 56 49 13 18 65 41 59 82 36 1 13 16 13 49 39 47 76 15 42 50 73 35 96 5 51 28 44 54 18 67 88 44 73 52 8 34 48 92 43 5 76 23 99 
63 8 44 80 26 3 20 33 6 62 82 66 74 60 82 39 58 28 25 89 21 14 11 24 98 13 32 77 22 72 71 56 12 71 57 8 16 27 85 65 35 49 78 35 93 10 36 9 31 78 19 62 96 58 12 56 73 90 34 84 79 38 84 93 0 95 31 14 48 28 50 5 81 35 40 13 71 54 97 32 16 2 91 77 42 21 89 23 2 69 60 94 3 43 71 14 97 41 98 71 49 97 61 69 33 54 26 90 20 79 32 34 33 99 89 54 64 15 61 9 56 
10 17 10 67 43 7 71 77 90 71 80 93 64 1 38 33 55 89 8 39 30 53 23 9 95 21 97 94 88 71 40 9 64 39 58 67 90 51 47 14 24 75 67 89 82 32 60 27 2 19 34 2 68 52 60 60 95 27 45 41 81 25 37 66 5 0 75 58 61 64 80 55 58 93 84 89 85 24 28 77 87 25 27 6 63 30 83 56 89 14 80 29 10 87 75 2 22 65 61 87 71 78 20 69 13 18 75 78 89 90 96 67 47 51 70 59 3 84 9 99 52 
79 80 58 32 53 1 72 45 55 21 24 50 65 74 23 96 93 41 24 78 1 16 85 57 44 20 43 55 41 89 37 17 75 70 91 32 90 75 94 30 33 68 73 44 5 67 63 29 41 26 47 18 17 8 68 59 74 39 2 31 97 68 56 80 75 28 0 12 27 33 96 16 95 70 50 23 55 29 56 63 22 87 33 49 43 50 99 24 78 43 74 63 53 2 51 76 59 79 68 50 87 19 2 34 25 82 12 15 9 61 23 8 97 22 88 13 66 74 93 38 7 
65 33 49 34 94 82 26 51 63 2 1 24 94 12 27 78 88 64 75 49 26 15 44 81 73 84 56 6 56 37 7 98 37 83 80 12 28 4 69 18 63 24 12 87 53 68 32 40 87 56 72 63 76 4 49 72 89 34 41 99 41 94 75 8 72 3 39 0 21 47 26 29 27 87 74 52 94 96 51 74 94 15 55 35 2 54 16 21 96 43 37 42 5 57 26 61 49 61 73 34 58 29 31 27 56 5 37 83 77 51 38 21 94 79 44 82 70 89 23 19 59 
44 42 16 85 34 58 43 56 33 70 51 24 33 98 80 1 71 2 98 52 93 77 57 43 35 64 44 45 45 97 83 72 27 4 92 22 44 53 59 97 26 94 15 46 91 99 93 32 24 84 19 3 95 23 3 76 59 76 25 14 63 83 27 97 40 31 81 99 0 87 34 20 64 4 6 77 48 15 44 96 7 50 48 69 78 93 50 19 11 79 55 17 70 64 60 18 10 40 44 37 4 24 68 42 60 18 70 66 72 34 48 33 61 30 46 92 14 22 88 55 55 
91 18 75 61 93 45 85 77 87 65 69 20 25 73 96 92 67 26 23 99 44 11 28 98 4 17 9 25 78 66 69 61 91 44 78 6 60 63 13 85 87 87 96 39 26 57 52 53 31 90 9 9 46 11 76 88 93 71 36 2 53 31 24 8 56 9 85 81 4 0 79 5 16 19 61 33 19 68 44 79 92 82 76 38 72 39 3 40 68 97 19 42 45 57 33 84 39 84 82 75 46 45 29 86 25 40 26 99 26 85 84 52 31 36 12 40 24 23 3 2 61 
41 54 2 29 24 59 76 17 3 93 50 52 63 47 39 62 2 83 31 37 54 89 57 87 62 52 36 35 3 69 59 74 72 78 9 66 77 97 97 86 86 8 65 16 76 21 58 35 93 98 59 40 4 80 3 94 99 97 17 51 97 85 57 75 86 46 38 89 68 84 0 60 41 16 11 99 57 65 87 60 34 9 22 75 11 53 57 78 72 18 90 78 86 11 73 97 32 79 85 13 47 7 44 13 46 16 13 52 79 93 13 67 56 93 9 81 76 2 32 39 80 
26 73 45 64 57 58 86 15 44 93 65 8 65 54 92 97 91 17 58 1 83 68 4 99 33 38 34 72 55 30 10 10 34 48 91 50 15 68 41 47 9 36 59 87 46 28 23 19 87 20 66 64 24 41 71 66 40 97 81 47 32 22 50 86 62 20 94 64 26 39 15 0 64 64 51 30 73 52 36 99 11 15 5 95 4 23 68 95 87 43 28 90 13 81 26 14 54 54 49 60 73 81 45 81 79 32 37 99 33 49 62 5 33 86 94 62 49 92 13 21 22 
2 95 93 16 21 9 27 51 65 72 29 13 51 23 38 86 31 45 87 43 42 50 55 13 95 56 3 35 21 73 3 75 2 33 84 4 93 79 73 63 94 99 8 45 76 14 58 85 55 74 73 4 38 13 12 26 95 40 35 25 55 90 9 7 5 91 78 30 94 53 2 12 0 81 97 97 18 78 50 83 81 59 41 98 19 39 1 69 97 61 44 60 86 98 51 15 82 97 53 27 35 33 22 89 80 25 39 89 72 80 2 31 62 87 89 73 53 91 26 83 85 
12 61 2 5 93 47 19 7 10 69 66 4 66 20 47 49 78 66 27 43 16 43 68 60 44 79 43 50 13 96 17 84 86 47 27 37 82 58 30 27 54 12 94 53 29 35 29 11 55 80 42 88 23 46 49 21 21 40 33 90 66 25 58 46 67 2 17 7 33 81 60 48 65 0 68 94 51 5 48 9 36 34 4 12 24 80 13 37 1 70 24 91 58 83 28 3 59 70 94 59 79 54 13 52 30 86 7 93 40 85 42 42 75 83 46 7 7 7 77 67 28 
68 21 60 15 43 65 6 25 41 75 3 58 29 53 94 11 25 83 45 44 51 91 47 28 24 25 43 58 88 38 1 9 50 54 91 39 29 19 76 96 70 42 19 72 36 77 85 13 21 96 42 12 74 1 62 42 74 90 42 62 19 53 29 22 77 4 88 60 56 95 98 22 70 6 0 68 52 86 32 67 71 66 78 77 1 92 11 14 90 24 33 18 81 59 18 30 65 95 66 50 99 99 1 51 87 23 15 48 31 18 69 45 62 56 48 89 25 94 19 15 13 
45 49 16 93 60 4 91 66 66 48 83 24 57 68 43 19 43 2 82 5 55 10 28 58 83 15 26 44 52 39 46 92 36 83 15 78 70 45 21 17 69 80 84 93 26 2 68 92 93 26 92 85 51 96 65 60 11 78 56 78 7 10 82 27 51 87 71 90 7 98 53 65 43 77 4 0 16 44 97 95 72 69 70 39 35 73 24 24 70 58 47 45 34 10 40 20 43 51 65 71 44 26 55 69 3 71 30 3 77 31 68 9 70 83 42 33 84 28 53 28 12 
6 17 16 42 80 23 77 19 64 34 7 17 43 94 77 80 67 69 4 53 93 24 89 7 9 35 59 19 28 91 86 31 92 50 64 28 23 67 48 51 3 69 18 97 73 11 57 54 71 23 67 2 79 22 85 66 69 41 67 72 49 18 15 72 46 67 65 99 17 49 82 72 33 78 11 19 0 8 11 66 64 32 74 55 33 26 18 29 91 68 79 42 21 5 76 50 34 48 18 40 43 28 97 61 81 53 13 65 44 90 97 65 82 18 4 10 88 33 47 25 86 
29 49 43 26 48 95 27 44 19 52 41 10 33 96 81 37 90 30 93 41 28 30 50 1 4 20 66 21 22 7 22 37 61 94 35 30 85 8 63 12 46 36 63 92 52 65 61 90 30 24 44 88 16 61 73 85 25 45 86 15 41 69 29 43 92 47 38 55 65 86 1 2 56 5 60 47 25 0 7 66 28 43 75 5 3 71 65 87 85 7 15 82 78 28 9 71 61 72 5 73 58 96 38 14 74 12 26 6 9 45 59 43 45 23 41 53 32 98 94 98 2 
18 62 57 62 76 24 34 33 85 65 97 93 22 27 20 7 33 84 40 39 13 25 92 75 67 67 71 7 38 17 35 82 56 46 62 65 17 95 83 63 45 15 33 4 9 12 92 39 6 5 7 72 9 83 80 63 64 16 31 3 50 79 99 26 55 3 50 31 99 42 18 27 37 93 40 69 98 17 0 70 10 23 27 15 69 14 66 38 17 75 73 43 57 48 94 96 21 65 13 88 64 67 43 26 61 27 61 63 78 89 23 40 17 54 68 82 64 7 60 67 57 
89 19 75 58 51 98 64 48 81 51 41 14 79 2 24 51 17 75 74 89 30 11 50 15 54 95 75 13 59 77 73 34 88 27 89 78 32 66 75 5 81 8 17 58 20 84 26 22 63 75 56 19 32 83 99 62 87 28 49 46 28 71 93 6 79 17 69 4 93 76 23 73 1 62 3 48 55 91 91 0 60 60 95 54 68 65 46 68 13 72 45 50 48 92 49 33 74 95 49 50 80 66 60 84 39 77 84 16 91 46 37 21 19 90 3 2 49 98 75 6 66 
79 46 57 70 19 12 47 7 44 96 3 87 94 7 21 13 88 61 9 63 90 86 62 87 42 82 66 10 95 8 5 92 51 79 50 74 95 5 11 90 84 67 74 84 48 43 29 4 50 13 6 54 66 49 51 15 24 3 94 84 49 58 87 38 15 21 51 47 87 94 54 22 27 46 50 71 14 34 56 6 0 67 13 23 98 31 48 44 76 91 54 11 6 79 46 12 20 14 39 67 85 54 54 90 69 80 3 71 95 12 89 6 32 14 58 39 65 92 62 79 2 
47 32 17 71 10 7 89 39 88 41 79 52 53 57 54 29 85 51 57 92 93 83 62 47 81 40 36 36 99 37 5 7 55 14 11 77 36 7 18 27 31 7 42 66 7 22 15 89 19 99 24 44 21 74 20 42 30 91 27 72 97 70 88 78 58 71 38 32 46 65 81 68 60 24 84 12 16 35 13 96 43 0 19 33 69 54 30 18 64 71 53 64 52 59 65 5 27 93 89 98 83 62 20 1 94 27 16 98 50 95 21 14 49 54 53 54 88 83 39 32 49 
68 65 14 9 31 6 56 81 98 55 29 31 25 86 47 23 56 50 10 90 45 77 11 40 4 94 43 32 93 50 30 10 94 65 8 75 85 11 54 40 45 57 40 71 47 45 55 7 3 15 24 57 42 65 54 87 64 17 42 84 79 70 75 12 73 65 15 82 82 11 2 31 42 8 95 54 71 46 39 40 47 98 0 97 4 69 48 18 57 7 73 88 45 12 83 30 79 4 76 81 4 91 36 12 94 37 70 19 27 76 82 23 93 85 10 8 99 77 32 30 5 
47 78 44 77 50 14 20 21 44 29 95 89 85 72 89 19 82 13 86 12 80 92 83 30 84 52 41 15 30 14 58 79 33 25 69 42 76 33 26 61 29 33 97 1 66 2 18 65 56 2 19 33 85 17 92 54 88 33 68 3 25 32 31 27 47 9 84 54 53 22 33 40 55 89 52 28 62 93 37 64 28 62 17 0 10 20 67 46 45 49 64 60 73 89 32 64 7 39 24 84 83 97 22 40 5 15 97 20 47 48 92 88 72 21 64 84 59 55 57 16 93 
42 13 63 8 20 90 37 86 20 27 85 83 71 32 13 84 32 42 19 1 34 19 78 77 78 88 16 37 18 56 19 20 24 5 78 34 70 28 69 67 44 78 8 58 10 56 26 42 56 39 7 13 92 27 66 28 52 59 96 74 79 34 34 78 30 67 76 49 93 42 51 78 17 10 27 44 44 34 26 11 34 56 12 15 0 91 66 72 98 1 47 51 95 39 77 69 70 96 1 2 41 78 95 39 45 12 41 48 33 81 38 82 1 2 15 58 29 69 68 21 37 
88 46 70 72 91 25 65 90 1 72 98 14 74 76 69 65 31 19 95 62 42 64 28 6 29 75 87 69 11 18 36 40 46 16 70 72 52 44 76 1 43 70 18 74 52 78 72 64 9 12 41 37 10 88 98 1 52 36 83 4 80 32 91 36 52 71 69 82 19 68 11 40 3 15 75 75 77 8 9 81 23 84 56 17 75 0 97 95 80 7 76 76 98 44 19 64 50 35 67 38 6 41 82 60 28 51 40 36 20 85 65 39 3 49 22 98 63 70 69 68 58 
45 97 3 80 75 78 19 97 21 25 99 75 94 76 80 70 22 91 10 47 51 29 50 32 87 63 89 45 88 33 87 64 62 23 62 30 99 63 69 15 81 1 16 89 91 68 45 59 4 74 3 95 10 58 58 1 62 38 51 45 98 70 64 65 72 51 47 91 92 34 85 16 78 44 99 11 19 81 7 36 53 42 42 90 58 58 0 97 4 24 57 38 62 69 10 28 35 84 98 81 89 17 63 77 47 51 75 78 87 2 92 71 81 38 40 61 60 73 45 98 93 
55 46 58 77 77 19 76 95 59 6 80 73 13 33 8 55 27 83 80 95 4 9 54 14 79 45 87 88 49 82 48 49 41 68 11 31 69 16 76 52 47 96 52 90 71 96 66 11 12 40 51 88 90 42 50 58 86 68 74 1 33 16 75 79 64 71 87 77 7 20 69 55 17 83 4 22 8 51 61 98 84 11 56 42 65 94 64 0 12 57 17 83 45 91 48 51 91 31 92 78 1 87 22 33 17 73 88 31 43 99 80 18 64 42 85 99 55 98 7 6 34 
35 3 66 50 15 78 80 43 11 14 51 37 58 82 16 66 26 74 59 19 22 31 1 5 48 29 38 95 98 72 97 24 84 94 95 53 34 38 68 87 93 5 58 69 54 58 16 51 67 99 13 90 50 22 15 79 94 14 87 91 44 77 16 93 97 1 90 90 96 67 46 60 64 89 3 91 20 64 95 8 22 90 10 13 96 67 84 33 0 94 12 92 98 26 17 40 88 51 67 22 16 54 73 34 72 88 42 75 22 18 27 64 32 37 18 10 22 82 43 94 85 
47 85 57 54 73 60 8 83 12 18 30 36 83 98 67 32 31 62 5 95 87 98 51 82 16 93 21 22 65 52 88 68 11 95 72 86 47 42 21 99 86 81 49 86 42 36 17 73 36 25 48 82 62 8 95 84 77 97 92 81 82 57 88 66 81 18 73 59 39 53 85 5 78 30 78 51 14 47 3 83 46 29 1 84 56 73 57 43 15 0 33 82 45 36 62 12 40 58 18 73 51 39 8 96 61 12 83 95 81 71 75 53 6 4 45 15 91 21 93 73 32 
51 13 76 73 21 18 77 9 29 77 79 51 73 68 59 55 67 27 42 38 65 25 56 66 99 45 31 67 80 62 69 62 22 79 87 65 99 76 51 40 42 45 99 72 51 42 31 10 17 68 72 32 5 73 7 54 78 78 10 42 92 95 45 31 45 99 66 30 77 42 79 30 52 2 55 46 29 29 74 41 28 49 64 83 68 82 25 83 63 66 0 14 31 42 94 89 24 4 67 15 92 29 22 74 25 80 7 98 88 29 28 58 27 18 68 60 28 47 98 5 79 
56 26 35 75 5 21 34 38 15 83 42 61 16 16 54 24 62 36 31 9 1 68 60 95 73 25 20 43 40 82 80 93 23 25 54 12 84 96 35 25 60 86 89 57 48 19 65 10 11 8 16 60 17 74 15 56 1 19 88 40 85 27 14 6 67 75 3 23 63 56 27 59 51 32 81 69 7 73 14 10 8 86 67 41 14 26 97 49 67 20 12 0 80 92 47 8 73 37 4 56 65 35 22 44 8 9 45 44 11 10 23 63 92 22 14 34 19 45 92 63 44 
38 81 24 60 48 36 78 29 95 48 74 59 57 11 12 63 89 18 78 57 72 27 65 55 78 36 70 95 80 10 11 76 22 69 65 89 13 52 52 64 86 85 58 46 97 51 93 25 94 15 24 30 49 57 78 41 30 75 9 63 4 27 70 90 82 15 1 64 44 42 71 52 49 81 73 37 66 92 2 39 82 65 1 62 57 2 61 75 86 67 93 56 0 57 87 1 10 70 73 45 97 37 82 58 11 74 8 11 10 4 11 32 45 90 65 28 15 3 75 6 83 
67 99 38 90 87 36 96 89 29 95 5 44 18 91 70 83 62 48 68 17 99 79 14 66 67 39 37 81 37 80 62 41 62 34 75 84 5 18 21 59 70 58 93 81 53 5 5 6 50 13 31 86 14 14 1 26 81 20 95 35 65 31 91 23 58 68 55 38 45 69 74 89 38 23 58 32 2 34 40 18 14 53 84 39 70 17 1 60 21 74 31 66 49 0 25 32 15 28 64 92 73 32 55 65 8 35 38 36 24 10 85 56 90 95 77 19 58 66 74 68 80 
43 72 82 38 31 51 50 78 42 24 26 55 61 45 79 51 22 18 16 22 40 29 36 64 79 78 22 98 47 64 75 53 40 7 33 89 40 15 60 19 33 8 39 4 66 23 77 67 17 12 51 71 59 12 90 77 93 37 48 91 45 83 94 2 12 10 42 49 15 17 78 57 19 85 60 86 57 4 61 58 79 39 91 42 93 43 97 29 13 75 60 56 14 73 0 39 92 59 28 71 14 68 35 76 65 52 76 55 65 87 33 34 51 72 48 9 1 41 84 84 14 
49 14 93 61 15 4 3 60 66 75 55 14 91 84 81 66 3 68 23 88 18 16 96 37 40 95 2 81 56 39 23 81 79 39 19 36 19 23 81 7 33 63 8 31 89 87 10 59 33 85 55 26 98 45 12 92 34 82 79 18 58 20 43 62 42 5 73 44 68 23 75 10 6 4 80 46 22 65 25 33 92 59 6 29 57 27 82 22 14 18 1 26 38 24 32 0 92 96 60 32 43 14 16 72 2 90 51 85 27 16 10 74 16 23 6 23 66 63 79 99 5 
42 57 43 89 78 49 96 48 64 50 38 60 44 2 80 88 60 67 14 6 55 26 25 18 28 26 66 62 76 31 7 18 58 59 38 85 67 69 49 85 74 35 15 41 3 20 88 94 9 61 50 63 66 73 66 68 5 7 42 77 49 35 12 13 31 32 97 68 4 21 13 13 56 94 54 64 54 49 96 79 60 49 65 6 70 2 68 29 54 3 20 49 16 1 55 56 0 41 81 63 9 44 16 99 88 92 73 33 66 50 52 89 41 9 5 36 70 2 19 4 97 
59 70 82 43 7 86 47 29 69 9 44 46 97 32 38 82 83 15 64 94 38 10 63 74 38 97 50 26 9 46 49 32 81 17 86 32 14 71 84 17 3 24 31 15 15 68 62 95 98 46 58 76 47 92 98 45 38 94 2 33 42 77 83 50 53 5 10 14 85 63 48 86 21 91 50 55 2 22 27 32 72 37 29 78 16 35 8 93 78 74 58 44 53 98 12 52 51 0 59 80 48 73 89 62 10 84 27 14 25 39 34 24 56 48 49 40 79 61 74 38 14 
11 14 17 92 25 49 73 99 67 25 78 20 4 32 51 78 49 33 78 79 56 83 41 38 96 28 15 63 52 5 29 42 57 40 24 34 88 25 70 39 76 53 27 32 52 4 9 90 27 26 65 92 3 36 53 8 54 77 9 35 41 55 31 20 64 93 94 10 21 83 25 30 84 65 16 3 20 12 51 8 16 45 37 49 25 39 38 4 11 63 73 87 96 83 32 24 56 68 0 99 83 94 36 17 51 20 83 48 52 33 87 72 38 70 73 28 37 22 15 18 34 
37 24 45 3 42 54 92 62 62 39 74 16 76 23 30 14 95 86 83 28 70 47 85 44 10 18 2 37 43 19 88 35 12 23 59 50 14 28 66 18 77 47 40 68 77 29 5 6 90 67 47 73 86 55 63 14 94 51 48 27 16 26 26 6 83 28 57 65 64 5 22 37 72 22 13 94 98 7 16 52 7 4 40 53 35 55 58 27 44 41 19 58 70 65 27 35 38 35 85 0 57 7 23 80 4 63 17 85 86 57 86 28 67 4 21 16 17 8 46 68 74 
48 85 12 44 37 57 61 80 7 49 32 81 96 57 20 49 21 91 7 82 77 54 55 40 56 18 67 50 36 29 62 39 17 75 35 53 28 96 76 17 87 6 97 18 31 96 65 53 96 82 58 12 92 63 34 60 27 37 59 2 49 66 50 40 90 59 44 26 63 32 84 17 25 15 12 97 81 48 78 74 51 94 95 53 56 75 53 34 74 53 53 39 29 72 1 57 56 58 19 56 0 50 92 44 84 82 54 67 76 71 68 2 3 5 45 13 21 44 78 47 57 
2 16 84 42 73 58 65 41 29 81 6 95 82 77 94 80 7 28 79 68 11 93 96 51 39 26 5 56 21 45 48 57 48 98 72 10 20 64 99 24 11 88 39 2 44 61 54 41 69 36 48 6 2 12 91 66 90 90 67 54 46 75 59 25 73 56 19 64 21 64 55 26 7 76 24 38 43 54 70 23 31 99 35 16 32 38 55 33 94 88 9 16 53 2 63 69 37 81 6 2 9 0 21 98 13 82 6 91 15 26 24 46 11 94 69 95 5 55 38 58 60 
39 21 38 18 50 18 96 55 79 33 61 66 21 23 71 15 46 82 70 80 1 85 75 2 36 23 89 35 21 43 65 60 42 34 20 87 41 16 63 68 49 18 22 19 93 67 66 90 16 86 66 36 86 19 42 93 65 38 80 85 16 94 61 6 11 38 66 76 43 87 32 39 37 77 54 32 86 19 37 96 92 32 19 9 33 66 26 88 69 70 98 91 99 74 90 88 55 10 42 71 83 56 0 71 36 15 47 44 7 32 62 23 19 20 47 42 59 25 87 86 83 
93 82 8 10 62 8 16 59 77 67 14 97 45 41 57 2 98 6 17 36 51 17 88 95 94 87 8 58 43 90 46 88 92 65 32 23 59 38 99 37 94 25 53 2 38 48 79 81 39 15 13 47 37 15 25 23 11 87 12 54 9 22 69 14 71 32 46 74 62 40 24 87 21 47 61 15 83 25 66 99 53 16 55 95 79 61 16 32 84 30 34 85 13 43 32 19 19 49 52 35 16 88 60 0 10 25 12 33 78 97 81 5 84 60 30 43 15 51 54 49 49 
75 33 36 45 65 37 8 4 41 80 18 55 78 6 87 8 57 94 85 39 43 78 22 20 55 16 51 97 80 29 16 11 70 20 8 50 59 54 46 54 43 12 94 52 43 86 99 1 66 94 6 59 70 79 9 56 84 55 15 39 95 52 21 21 13 65 21 10 16 53 3 20 47 37 51 69 81 64 4 58 30 3 98 54 65 31 57 60 71 6 12 7 62 94 55 57 5 17 1 98 64 15 6 72 0 74 6 70 84 74 74 56 82 78 98 86 88 59 77 39 9 
57 39 80 27 85 43 66 11 15 86 94 87 23 52 76 5 77 25 47 84 31 16 17 64 88 72 22 75 77 9 70 82 85 95 61 29 67 43 24 46 98 55 96 82 65 69 29 19 11 95 93 39 76 41 44 1 68 41 4 91 97 71 92 63 36 52 59 86 37 40 44 37 82 35 4 95 84 46 24 10 5 25 63 27 9 53 6 64 29 77 82 18 90 82 75 70 17 60 50 60 4 10 3 53 8 0 67 3 67 25 98 95 28 94 10 94 21 22 10 74 64 
85 76 34 11 43 46 27 61 3 44 45 99 73 16 40 90 12 66 92 33 46 87 47 26 79 70 16 25 33 37 74 28 29 72 59 75 57 87 31 80 65 13 67 74 80 57 77 66 86 23 46 8 42 44 50 30 40 34 12 22 65 98 68 29 7 19 33 4 38 23 36 41 61 74 96 22 83 90 26 36 13 28 65 27 46 28 15 71 11 4 58 82 11 32 68 28 81 1 7 64 96 84 78 32 39 90 0 13 59 47 87 79 26 58 5 65 98 63 91 33 89 
7 77 16 24 89 63 94 42 11 64 37 33 52 67 2 34 18 94 94 48 59 83 22 60 25 79 59 27 5 91 23 39 83 79 77 2 62 84 42 65 3 67 87 32 92 99 70 12 74 63 19 8 9 66 66 32 30 18 50 90 72 12 92 2 24 95 37 9 8 27 64 74 77 34 35 35 10 67 39 13 46 55 1 23 56 54 87 24 40 2 10 22 92 10 85 12 29 14 71 6 69 47 64 43 19 30 93 0 45 68 58 40 93 19 78 79 73 99 67 12 69 
53 23 67 75 12 59 66 84 50 94 67 90 10 8 1 99 2 73 23 30 6 32 4 4 69 50 21 81 17 56 14 11 96 92 15 15 43 37 16 66 59 82 61 74 65 50 79 99 13 65 51 88 41 55 55 94 64 32 22 41 63 22 30 53 36 10 71 65 60 41 71 44 58 53 33 62 12 21 48 84 17 51 86 16 48 48 36 22 60 44 74 91 49 48 23 56 64 86 34 87 39 44 49 36 47 89 15 58 0 18 71 94 21 23 66 71 69 59 2 12 54 
32 2 90 11 5 8 88 82 60 73 75 48 94 39 94 53 12 44 83 44 5 67 27 51 28 82 84 99 8 94 68 38 86 71 89 46 96 31 85 94 22 10 11 86 8 15 53 88 7 96 52 96 68 44 58 53 63 3 77 61 24 52 19 2 72 59 94 20 31 96 86 84 23 42 59 32 32 49 17 6 53 70 53 32 31 16 27 46 73 29 41 95 3 1 45 31 6 91 85 66 64 92 12 20 85 33 70 87 56 0 75 87 10 37 78 44 80 82 30 44 10 
47 15 95 47 28 35 89 77 23 70 60 45 56 79 16 98 33 87 29 38 7 18 75 26 62 31 26 82 58 80 72 31 24 83 72 41 69 55 41 16 15 80 80 54 11 42 33 47 58 50 31 52 11 75 45 67 47 12 90 41 95 31 88 13 84 30 91 16 77 87 42 47 69 91 13 43 39 73 21 59 33 86 11 88 32 87 5 29 43 46 72 26 89 87 88 7 41 24 70 59 90 98 62 98 88 85 26 69 27 52 0 39 92 60 75 53 11 39 96 71 82 
80 14 88 56 54 89 26 69 35 12 92 50 37 51 61 89 95 85 7 65 63 88 21 26 14 94 11 47 59 74 25 91 88 88 29 75 38 58 53 63 48 32 33 74 93 13 88 65 44 44 16 68 92 94 91 80 16 73 60 7 40 41 2 23 37 96 89 38 1 85 5 88 60 7 43 90 5 94 46 29 20 55 35 3 77 38 91 53 63 53 91 2 16 34 25 73 37 87 7 36 73 31 22 42 2 68 98 74 40 94 24 0 78 85 78 86 78 31 52 82 24 
31 26 47 40 15 71 79 88 47 62 84 35 80 12 36 99 50 79 18 23 10 84 45 19 70 89 40 77 3 33 22 33 7 88 22 47 45 48 83 56 65 90 68 56 62 52 87 27 31 14 31 85 60 2 85 93 66 74 9 63 95 26 71 66 55 85 32 73 54 78 37 64 54 54 91 10 23 26 6 6 13 66 43 44 93 87 23 75 59 8 24 46 62 56 36 28 67 46 38 32 74 43 73 39 79 52 14 46 71 81 86 7 0 29 64 90 17 86 85 11 88 
48 57 73 11 96 11 77 51 65 65 73 86 26 63 60 93 17 49 57 16 7 4 19 30 96 1 55 69 57 50 31 47 39 93 69 50 40 40 51 88 43 47 91 18 3 86 51 21 65 45 43 33 80 80 85 6 58 39 26 93 48 78 89 94 20 6 29 11 40 79 63 93 78 55 36 5 98 63 61 12 18 37 52 28 57 24 11 46 56 40 34 59 92 37 71 71 23 8 28 60 70 30 42 31 50 61 80 39 80 88 16 7 33 0 39 44 54 74 53 63 41 
52 32 20 65 69 50 59 50 37 14 45 80 29 8 65 25 88 53 54 64 58 56 18 15 89 14 45 43 53 4 23 74 31 42 1 90 38 23 82 65 96 23 87 97 84 91 93 95 27 68 86 40 85 99 19 34 91 79 25 99 18 54 67 42 21 7 56 16 18 71 43 18 9 55 72 37 41 82 60 13 41 64 58 48 64 38 29 55 4 25 94 3 74 51 3 29 13 51 93 12 96 70 99 36 49 28 61 37 57 62 13 21 58 19 0 89 11 20 7 77 93 
82 4 40 10 56 79 34 85 54 49 72 50 87 82 53 47 27 50 68 38 28 1 33 46 45 31 65 12 49 99 19 72 70 29 60 61 89 33 35 90 33 95 14 11 86 20 8 64 50 52 68 36 42 31 12 35 21 91 70 19 68 10 60 90 51 67 69 64 31 57 56 98 84 99 2 49 94 43 86 72 66 72 23 50 25 41 18 30 85 96 81 1 15 12 58 21 27 60 64 64 49 49 45 62 86 79 91 76 58 67 50 40 72 66 52 0 13 62 75 17 14 
40 47 97 28 15 52 91 18 92 57 51 23 58 42 62 17 93 35 28 37 81 73 27 67 63 38 86 99 38 92 18 97 19 68 32 12 42 68 75 44 16 88 66 36 47 7 85 5 16 71 12 47 72 25 72 25 13 3 9 4 87 51 94 33 61 84 56 16 45 44 83 27 94 80 52 37 47 66 17 76 67 1 25 42 79 52 66 4 57 40 97 23 57 89 99 58 25 11 99 61 22 96 2 86 63 5 93 6 29 30 78 78 64 87 29 1 0 2 49 54 18 
96 27 41 80 51 75 2 60 67 85 1 1 86 65 4 4 77 14 69 49 40 33 23 25 30 5 79 97 79 89 7 24 14 72 73 67 41 56 59 80 69 57 25 29 19 90 70 56 94 92 52 95 66 16 32 55 61 82 63 38 65 98 8 19 92 77 99 85 32 56 84 68 21 77 96 17 65 60 96 67 14 8 37 90 75 96 11 94 30 25 91 5 30 98 6 73 6 2 79 91 10 50 82 90 23 37 74 63 21 16 78 69 2 62 55 26 23 0 62 15 3 
2 37 44 58 66 16 25 10 55 38 92 75 88 95 51 98 7 9 69 56 12 81 29 5 87 27 74 5 49 30 95 59 41 65 98 30 65 55 32 32 12 24 41 46 59 6 87 88 85 35 4 87 82 47 57 47 1 82 37 77 84 41 67 76 15 78 1 40 84 1 32 22 36 64 74 8 78 31 92 38 68 73 57 36 93 30 31 59 16 14 50 73 19 9 97 59 83 75 35 31 90 29 86 84 20 81 84 6 10 64 24 5 85 27 75 37 48 56 0 80 16 
12 34 95 53 54 99 22 2 42 15 98 68 70 21 84 34 36 65 80 69 17 40 8 70 4 12 75 80 78 38 20 50 69 96 90 38 52 14 27 66 66 72 12 25 25 46 20 81 40 10 69 6 27 73 65 19 65 14 16 38 86 84 30 43 33 16 87 6 63 5 96 72 77 2 58 40 19 85 32 14 9 22 49 42 58 55 12 66 45 66 48 75 71 20 58 78 41 2 30 95 74 60 18 82 71 71 73 64 18 27 1 10 1 71 54 72 24 23 63 0 82 
31 98 6 49 45 24 52 88 37 21 19 72 86 77 24 63 17 57 46 99 44 56 46 44 21 60 25 33 79 20 31 60 63 62 92 70 90 1 81 19 19 81 57 82 49 40 82 93 90 39 16 65 91 74 27 76 38 5 97 62 65 61 96 49 79 22 82 77 89 47 48 54 95 29 38 39 17 78 37 18 68 69 93 96 74 44 3 68 50 90 79 66 52 53 90 36 21 83 99 22 53 48 3 25 85 39 4 62 28 71 28 2 79 80 18 45 81 64 89 22 0 
