10 3
2 1 2
0 42 46 45 47 90 25 98 92 68 86 81 87 11 42 36 93 26 67 92 57 
91 0 38 88 51 89 38 21 59 55 1 60 74 6 66 28 41 81 17 42 42 
57 33 0 69 11 85 86 4 56 78 48 60 48 95 26 48 79 45 85 98 22 
98 15 16 0 44 68 58 9 69 36 37 94 48 25 26 50 99 31 18 37 96 
46 22 31 67 0 45 35 32 60 5 13 74 75 86 14 43 16 97 76 58 10 
87 70 27 97 90 0 41 28 62 20 21 58 68 58 40 7 43 20 57 87 57 
64 1 84 69 55 11 0 65 93 65 30 6 52 32 49 51 94 16 77 92 84 
24 6 33 85 77 18 35 0 10 37 14 37 8 15 26 84 18 71 2 96 89 
97 55 26 46 81 90 38 24 0 63 40 33 27 11 59 37 10 88 16 9 77 
28 61 87 16 15 77 34 5 11 0 95 57 8 62 73 91 92 29 7 21 27 
9 38 50 29 96 16 94 30 63 64 0 2 7 54 43 59 89 15 44 91 71 
47 90 67 38 80 63 95 68 78 60 53 0 65 12 31 95 47 98 39 45 98 
73 29 61 81 28 9 59 27 41 24 28 66 0 86 41 64 44 47 29 47 47 
43 6 63 42 7 36 42 98 4 66 77 59 63 0 89 13 77 52 84 39 27 
45 13 11 2 37 98 65 73 6 6 39 84 60 15 0 95 79 99 66 73 78 
27 21 22 84 73 87 14 95 88 76 41 63 62 94 26 0 70 10 90 5 6 
41 45 23 36 25 66 70 90 20 91 48 96 59 87 59 24 0 30 54 28 14 
93 66 42 13 6 6 65 67 1 75 49 54 75 70 25 16 9 0 4 96 92 
52 47 55 42 79 61 5 90 59 47 39 25 82 98 56 12 77 97 0 10 32 
92 78 20 79 41 99 56 40 31 61 94 28 76 46 13 95 54 82 12 0 61 
44 56 51 26 40 66 74 60 73 22 3 61 44 7 96 66 55 17 88 29 0 
