0 60 50 51 96 39 98 48 92 62 32 9 51 32 62 40 62 20 38 73 17 
22 0 5 63 91 50 45 64 58 26 38 54 52 98 77 75 99 18 83 74 4 
59 54 0 27 78 35 62 54 96 34 60 29 52 23 33 41 86 81 98 64 70 
24 93 75 0 21 94 77 34 41 76 98 69 13 59 64 75 16 22 22 77 29 
70 79 82 83 0 56 16 58 4 46 95 20 45 23 21 27 98 16 29 94 39 
22 68 19 23 93 0 78 31 51 83 12 76 82 22 38 90 55 9 10 50 44 
60 73 6 60 57 93 0 41 42 66 80 85 80 17 8 73 88 14 76 68 42 
75 20 8 53 1 99 29 0 75 64 11 76 56 34 11 79 98 86 50 9 80 
40 48 99 42 75 20 80 66 0 59 41 50 10 85 97 84 21 42 17 80 75 
6 4 55 82 29 92 86 80 10 0 35 62 65 69 2 50 26 54 90 63 43 
45 84 63 82 25 87 57 71 87 90 0 62 86 34 55 41 71 30 64 20 13 
35 56 75 76 29 88 36 75 70 30 43 0 1 53 32 36 99 78 85 96 4 
42 76 61 58 83 40 46 14 13 79 22 19 0 2 95 24 14 23 84 61 1 
44 23 16 42 38 67 60 3 44 58 43 23 90 0 28 60 10 7 10 27 36 
98 46 83 5 88 85 23 24 31 5 4 35 35 54 0 47 65 50 36 64 56 
7 44 39 97 84 4 34 46 49 56 78 5 38 78 29 0 52 59 53 12 4 
69 11 54 26 94 99 17 98 9 12 26 56 66 85 92 38 0 69 86 27 48 
6 83 17 83 18 65 10 79 62 56 39 17 30 46 27 73 66 0 25 14 31 
38 28 83 40 63 43 79 74 25 34 87 46 45 42 47 26 60 25 0 41 81 
61 39 39 31 25 77 86 46 86 11 20 15 63 76 61 78 70 99 29 0 46 
54 38 90 11 73 84 55 31 82 98 12 15 59 42 12 16 20 64 82 23 0 
