0 93 66 81 76 35 64 71 92 22 43 28 37 25 10 65 86 69 3 52 65 51 10 44 56 27 51 72 79 59 99 22 48 15 33 71 66 2 62 70 41 83 34 4 58 9 10 57 34 62 99 35 37 10 76 92 5 87 69 64 82 23 52 19 19 59 90 39 56 65 97 
58 0 66 53 63 65 21 1 32 29 60 61 98 80 26 33 44 64 24 63 55 20 26 70 4 88 26 62 68 14 37 30 10 15 71 52 78 69 92 20 47 18 80 22 79 50 10 28 73 49 22 30 9 23 31 19 50 69 53 66 16 47 71 22 20 45 20 23 30 74 38 
91 14 0 68 89 90 71 86 24 47 92 61 77 21 34 84 74 10 97 37 72 78 7 43 56 19 74 99 56 23 41 90 78 15 61 72 2 65 44 54 38 12 29 46 27 26 77 74 1 79 19 96 45 54 15 6 53 83 78 87 49 88 30 56 53 94 40 47 70 57 85 
31 73 74 0 97 44 18 93 66 9 83 82 10 23 90 28 96 94 51 18 73 23 54 79 94 91 4 87 17 91 56 5 29 11 79 36 45 48 62 47 40 50 18 76 90 86 15 29 12 50 86 87 21 14 60 93 6 26 97 34 48 44 81 83 60 23 39 65 70 43 89 
56 13 82 67 0 55 78 82 36 42 58 46 27 15 12 80 30 83 17 26 62 74 40 77 81 77 5 19 84 9 26 98 65 53 70 14 39 36 8 31 25 58 6 98 76 56 38 40 55 17 18 11 56 59 69 89 44 20 27 11 27 68 17 82 46 56 73 12 82 73 50 
59 30 4 35 11 0 62 25 19 50 1 14 67 35 65 25 22 25 14 59 39 76 70 34 44 41 25 10 24 75 62 26 33 56 44 67 80 53 71 34 25 46 91 79 8 9 67 30 81 93 99 63 86 96 95 70 67 18 86 53 58 65 86 58 7 65 77 89 66 81 97 
69 6 22 57 78 12 0 41 34 25 92 12 79 95 88 13 49 59 94 99 12 99 70 9 37 51 34 49 18 40 70 68 66 78 40 94 69 51 14 28 3 95 15 17 36 35 35 35 48 16 80 27 77 52 72 64 87 54 56 47 62 67 34 42 6 32 15 74 7 17 70 
29 70 68 72 38 70 54 0 24 52 7 12 68 25 68 87 52 28 62 17 77 85 56 95 56 14 71 24 66 11 8 54 92 47 97 88 8 11 87 33 96 61 43 3 9 41 94 74 76 26 37 58 47 17 50 34 69 88 41 31 80 6 35 99 22 6 53 46 65 32 25 
42 29 58 19 10 14 3 9 0 13 43 21 32 42 74 3 81 46 52 59 62 38 64 12 2 49 95 30 51 5 87 1 15 17 57 70 13 21 20 11 78 43 77 29 90 74 93 47 70 33 57 14 36 2 23 20 48 28 26 24 12 22 43 53 40 8 17 67 45 11 30 
48 67 28 17 56 17 38 82 77 0 56 13 3 60 45 2 9 19 50 89 4 66 55 73 29 46 8 75 36 93 21 42 74 30 32 39 11 84 76 31 49 34 53 49 48 71 13 21 66 31 8 41 17 66 21 53 40 53 70 79 53 93 10 91 57 60 31 37 72 34 39 
58 72 83 83 60 95 27 57 80 46 0 52 47 14 57 31 20 38 36 74 20 32 56 36 32 47 38 71 55 66 16 2 43 69 46 49 62 75 7 62 76 36 95 61 60 93 15 30 14 49 43 30 29 68 76 93 15 55 90 70 5 4 42 86 92 22 64 55 65 70 34 
18 18 64 64 24 42 56 18 67 83 14 0 24 14 67 34 65 99 77 46 90 26 48 38 96 38 66 8 24 3 91 7 39 93 73 84 67 19 42 28 56 57 97 25 35 40 83 51 59 16 98 32 73 2 39 54 29 33 76 70 65 91 65 34 37 71 89 22 53 47 81 
49 10 76 23 75 62 1 5 86 32 28 15 0 46 73 83 22 67 48 62 95 30 88 14 84 74 85 24 47 52 10 56 93 99 19 18 93 85 6 2 44 30 75 30 75 91 86 37 22 50 68 65 35 58 2 15 85 44 72 27 64 32 29 80 18 19 80 81 37 62 29 
38 46 30 50 77 73 66 84 39 78 37 72 37 0 92 69 50 12 96 78 26 37 39 7 2 65 6 11 40 40 75 42 79 39 59 24 87 67 55 91 89 37 93 54 6 81 27 23 21 90 11 25 4 4 16 55 35 7 46 89 52 72 88 69 77 40 44 76 93 44 33 
45 84 70 95 69 91 15 53 83 15 91 59 75 87 0 92 51 40 48 97 92 53 89 58 56 9 31 79 69 75 28 59 58 41 35 43 99 94 76 52 85 89 82 52 86 86 51 54 67 21 78 30 19 44 98 72 57 98 33 86 32 3 61 88 54 83 11 62 19 82 52 
36 67 78 3 60 53 78 59 56 91 51 82 67 15 26 0 54 49 14 42 61 15 73 76 15 16 48 77 70 6 46 24 85 14 28 32 52 84 62 35 45 37 24 2 24 53 10 67 70 43 28 85 86 32 41 69 35 70 97 93 19 57 50 32 46 42 96 64 28 20 35 
11 46 6 5 53 6 69 42 56 88 29 66 15 78 91 53 0 35 10 67 34 17 30 60 66 37 69 63 54 69 32 9 19 99 61 46 38 79 69 44 50 91 36 68 42 36 5 65 8 79 89 97 57 69 17 73 24 76 1 27 71 58 22 43 50 32 41 97 1 63 3 
78 2 97 33 28 64 57 9 3 34 32 18 14 78 67 65 32 0 49 77 40 29 84 31 4 95 14 35 24 71 14 15 49 11 7 43 46 11 69 8 62 63 42 53 35 78 98 31 83 72 20 49 78 94 88 79 79 60 44 79 58 37 73 81 62 92 20 57 84 59 38 
64 77 6 33 26 89 22 15 53 88 98 73 50 65 52 29 46 11 0 48 35 31 57 67 56 71 67 53 52 79 88 85 65 86 21 54 7 33 55 87 21 12 13 21 81 47 74 77 15 38 24 80 32 14 52 1 96 22 70 39 48 17 71 95 85 98 17 36 94 95 95 
12 13 41 80 26 99 64 89 15 81 75 93 92 98 38 37 42 62 82 0 32 80 73 76 63 51 96 50 49 95 2 20 32 12 82 52 28 49 74 89 39 52 69 48 58 43 32 28 48 25 66 19 19 19 90 93 95 5 58 7 55 35 51 71 54 32 17 96 8 99 11 
19 40 9 45 89 44 56 71 65 13 83 71 21 43 34 22 13 65 54 33 0 1 40 58 24 51 76 68 35 14 36 58 57 62 2 73 62 58 40 63 68 69 49 51 51 18 92 23 81 40 40 80 13 70 78 33 5 35 5 69 52 46 58 95 41 61 55 85 65 94 76 
14 77 30 34 15 25 10 98 55 7 19 65 8 7 55 44 99 20 81 64 21 0 10 65 34 55 69 34 23 97 12 66 54 35 53 85 60 24 41 7 86 54 65 57 48 67 86 89 95 55 3 9 79 17 58 30 11 46 90 7 40 63 95 72 53 4 53 56 95 52 39 
69 64 37 83 24 60 11 58 95 82 85 72 81 62 61 49 34 75 68 33 15 44 0 91 77 54 13 88 59 64 96 87 56 63 34 6 14 94 62 36 70 64 23 6 89 87 23 55 15 99 77 12 38 22 85 87 26 30 62 80 84 75 80 82 53 49 58 93 24 30 33 
92 13 98 20 44 65 10 66 32 30 54 88 51 86 60 73 29 62 94 27 71 5 95 0 18 44 67 97 49 50 65 42 23 94 23 79 33 14 9 12 41 70 39 91 35 82 10 80 69 46 60 43 18 64 10 89 52 72 87 49 78 96 58 74 83 90 53 36 1 94 31 
32 79 29 28 14 61 8 3 73 94 12 64 39 3 17 93 89 54 87 32 49 70 27 88 0 73 47 37 83 88 58 15 88 4 35 47 67 23 83 35 25 65 77 19 40 60 82 77 65 68 72 62 68 37 74 90 17 5 7 48 79 66 58 58 6 43 99 75 55 48 38 
40 26 8 19 53 32 1 20 32 71 75 50 11 99 90 10 54 73 89 52 31 59 3 84 11 0 94 66 10 80 96 92 93 70 57 93 95 29 43 67 13 52 58 52 47 68 1 56 11 48 36 82 60 91 13 25 16 44 44 91 7 78 85 34 67 82 46 23 15 10 74 
11 79 54 16 97 3 89 76 89 51 44 28 51 92 29 45 53 2 98 90 29 14 32 95 77 14 0 93 17 14 19 28 58 54 27 69 70 50 39 16 81 31 97 68 55 4 92 56 99 27 76 70 28 13 76 49 90 55 3 85 35 95 55 93 24 5 75 94 17 56 76 
30 53 99 78 45 44 19 28 72 57 23 79 92 51 86 14 94 26 58 62 54 54 75 69 65 96 18 0 9 74 73 6 43 52 4 58 7 81 49 60 32 5 38 96 95 69 18 49 26 45 51 77 87 65 92 53 72 81 66 31 23 5 64 43 38 5 19 51 74 37 88 
35 9 60 22 96 58 86 35 50 61 16 61 28 1 74 84 47 19 56 79 40 89 67 29 37 39 70 68 0 24 70 11 64 75 88 97 65 63 45 1 96 25 58 19 76 58 88 15 93 9 61 96 23 99 15 85 33 2 81 5 69 99 33 51 9 56 19 31 39 37 44 
46 84 95 92 25 52 3 2 79 68 31 17 55 32 89 57 96 4 51 76 78 13 83 21 62 42 70 89 79 0 36 50 17 86 56 47 50 26 30 41 50 41 61 47 95 6 12 39 63 34 12 77 90 11 65 23 89 78 62 36 81 70 87 70 35 24 65 71 17 27 47 
64 79 35 70 22 21 69 89 73 51 57 71 30 71 33 92 9 27 53 22 64 58 50 14 48 90 9 28 28 12 0 65 76 69 84 65 35 64 68 23 31 42 65 85 63 43 19 31 54 94 66 24 55 54 48 26 20 24 47 29 72 3 54 2 12 75 5 3 11 8 80 
21 70 94 75 98 59 94 79 26 1 96 44 27 11 55 36 60 10 20 2 46 5 25 37 81 98 66 1 17 80 98 0 80 28 71 51 8 2 98 96 74 45 72 92 44 54 7 69 5 82 7 28 47 38 5 30 57 21 66 2 50 81 25 6 66 89 80 41 59 44 30 
64 32 13 23 1 91 14 43 14 77 86 78 9 53 59 58 91 75 67 98 74 79 45 23 99 62 5 39 74 44 40 39 0 39 26 4 56 58 83 58 45 5 59 4 16 18 53 45 76 60 56 93 28 90 56 42 18 55 63 32 68 88 86 88 88 36 59 18 66 95 34 
26 98 11 2 36 45 8 7 73 1 89 88 17 39 50 24 36 91 11 44 78 56 27 29 30 87 80 18 9 7 56 16 87 0 4 73 59 36 31 55 53 92 63 11 80 52 23 75 80 18 20 84 77 35 27 90 57 95 20 40 56 53 79 30 57 27 63 66 70 42 21 
28 13 32 60 28 9 8 2 2 92 55 13 23 53 19 30 14 50 68 33 34 9 67 54 29 3 26 37 98 3 13 2 49 61 0 43 23 68 27 56 81 60 67 12 79 50 47 55 11 59 38 22 75 99 11 65 3 24 31 37 91 31 45 42 33 23 51 63 45 68 36 
79 7 87 42 35 89 2 10 23 31 29 39 67 62 48 50 90 19 48 4 98 18 12 68 83 96 71 44 89 38 77 55 44 63 5 0 62 64 67 33 46 6 10 49 51 27 21 97 54 48 51 78 77 83 91 25 26 37 35 20 35 49 47 78 12 73 72 15 72 74 12 
79 10 60 5 98 37 96 37 32 96 91 33 53 85 15 50 41 20 6 86 32 16 27 14 92 42 49 31 17 9 24 97 62 11 69 68 0 53 98 47 11 53 25 22 87 64 41 8 46 19 17 44 41 51 98 86 1 25 2 10 44 70 58 16 48 59 40 26 2 63 52 
88 27 95 3 81 85 80 12 90 62 84 51 12 15 66 18 56 55 41 35 82 37 19 59 39 98 8 73 17 64 61 81 79 14 78 28 7 0 8 7 36 77 61 62 37 58 70 63 87 43 75 38 31 49 84 63 54 48 15 33 94 13 85 41 57 77 24 93 77 82 8 
81 12 50 64 43 22 44 86 17 40 2 12 74 73 80 46 29 63 23 82 83 89 69 63 77 92 60 62 19 6 98 49 86 71 73 76 91 87 0 13 30 73 8 37 33 92 40 83 48 18 27 66 89 36 5 4 11 71 82 95 71 81 82 22 55 7 86 51 28 10 25 
7 27 22 71 3 90 41 78 21 86 61 80 77 43 36 68 45 64 24 78 38 3 72 31 77 2 80 21 47 65 30 54 75 62 60 6 95 45 49 0 33 54 46 96 69 6 21 2 62 80 50 60 93 89 86 22 32 8 60 7 63 28 48 23 33 73 59 14 26 73 77 
9 96 74 39 44 82 31 44 61 91 83 38 3 32 86 5 66 17 4 42 88 97 72 57 1 20 59 75 34 73 37 83 91 70 77 48 19 46 69 23 0 58 50 36 83 79 78 44 71 46 82 61 8 7 40 16 92 92 81 56 12 87 55 5 63 65 39 43 67 13 19 
93 30 69 86 98 79 65 17 24 13 28 96 37 1 72 89 36 4 77 88 80 40 53 24 19 15 91 4 74 24 16 49 72 76 5 59 74 9 97 15 79 0 66 67 17 48 40 26 38 92 90 39 16 98 7 6 24 5 24 39 33 56 46 28 83 9 42 74 64 76 62 
27 59 97 77 44 59 80 2 66 46 7 19 77 84 29 48 74 38 28 46 86 88 85 57 58 38 25 45 51 89 45 66 67 43 33 61 24 76 30 47 1 7 0 97 20 63 88 30 9 96 56 65 10 42 11 92 18 44 72 60 92 96 90 35 13 36 26 36 56 50 67 
27 5 87 51 33 56 62 58 64 65 15 22 79 37 88 83 82 46 82 52 74 99 6 6 22 2 62 52 10 88 32 70 60 20 40 88 90 38 79 37 99 64 10 0 2 67 19 89 23 30 28 15 9 63 25 72 34 37 95 51 34 3 74 45 47 95 34 62 58 69 91 
77 36 63 98 38 51 43 64 96 90 74 81 44 14 27 91 85 27 18 87 27 11 93 30 15 24 3 75 40 91 45 90 79 90 69 98 17 78 34 19 86 44 85 15 0 1 18 49 29 99 32 80 47 2 53 77 73 75 41 6 83 19 22 10 7 3 64 78 47 55 6 
57 26 98 72 90 79 29 14 92 39 20 43 3 71 64 67 18 88 30 22 56 61 1 72 31 13 8 88 4 48 10 97 77 50 36 87 79 80 8 28 95 64 93 89 31 0 15 92 52 38 95 29 24 86 44 4 56 26 59 32 76 73 80 37 36 96 94 82 64 4 12 
77 91 66 10 15 77 39 11 13 20 13 13 5 64 8 14 1 7 68 75 6 17 92 76 11 83 37 16 78 32 62 8 17 79 45 54 34 60 65 83 17 83 90 28 27 59 0 71 77 30 1 27 50 49 44 51 73 42 54 83 46 5 97 21 94 28 65 58 83 87 99 
37 8 77 53 62 57 39 10 16 68 45 56 58 51 30 41 8 25 54 92 33 62 96 21 20 45 87 40 96 44 18 42 99 14 51 34 33 5 31 41 10 95 43 75 97 20 3 0 78 55 1 41 49 11 11 21 2 62 49 38 59 42 55 53 62 33 8 37 15 74 25 
3 87 10 24 81 67 68 56 65 59 53 11 37 12 83 83 25 10 91 84 28 97 36 63 19 16 43 42 58 35 51 62 48 3 46 15 38 86 16 27 88 56 39 46 76 56 41 99 0 78 90 86 99 70 94 65 41 6 65 37 46 34 52 83 3 89 51 19 96 6 47 
38 42 55 23 69 87 91 80 14 44 95 69 53 43 90 55 82 89 65 16 88 30 8 83 86 4 18 86 17 67 97 47 58 13 44 18 86 80 91 95 61 73 19 2 91 84 56 65 26 0 29 40 89 17 9 7 79 65 64 48 24 64 56 62 4 89 31 51 80 41 54 
31 26 24 71 71 18 16 71 14 69 47 7 72 77 30 43 46 70 70 19 82 2 82 20 8 88 29 44 55 10 73 8 65 66 14 6 99 76 96 42 89 75 56 76 92 34 46 17 55 75 0 19 42 79 44 20 78 16 87 42 57 15 57 22 55 37 8 29 39 20 31 
50 82 95 77 20 69 14 99 10 78 9 17 7 9 68 4 68 82 2 25 97 53 82 58 74 33 21 8 53 94 47 12 51 53 54 93 20 28 95 98 16 75 45 24 58 47 50 35 87 84 26 0 33 60 44 20 2 33 20 8 62 5 8 29 8 36 7 83 88 96 4 
99 1 56 16 5 63 78 29 52 80 58 67 9 31 23 52 23 99 62 8 28 48 14 19 56 41 87 69 32 32 99 12 19 74 22 12 66 66 28 62 69 26 61 94 92 53 82 51 10 58 68 97 0 31 46 31 20 4 10 26 71 47 40 88 28 39 75 18 93 92 52 
30 51 6 88 77 28 64 43 52 76 80 60 27 60 40 29 60 90 80 88 29 16 52 1 62 78 12 77 89 23 87 66 38 23 26 37 2 13 53 55 43 44 56 94 95 68 24 89 10 42 25 29 43 0 9 87 32 1 57 82 33 74 50 51 24 9 61 10 15 24 71 
41 93 60 60 5 11 96 81 58 32 46 50 66 67 13 68 59 1 52 27 72 36 44 92 47 66 83 11 9 56 50 84 73 37 21 35 94 51 84 1 12 6 24 3 84 13 42 23 27 91 69 22 79 88 0 31 45 81 65 71 30 8 73 10 14 2 18 49 8 80 35 
83 19 14 35 82 68 54 69 7 96 28 3 91 99 44 34 5 90 32 50 97 75 83 43 55 11 73 11 45 33 14 39 57 79 75 15 17 67 81 4 44 14 34 94 69 94 60 32 27 69 36 24 84 59 18 0 15 12 16 48 49 67 84 91 36 11 67 39 40 63 37 
73 18 69 96 50 58 12 41 87 4 62 45 32 80 37 30 11 84 93 46 10 15 27 58 30 57 19 71 15 43 81 37 3 49 86 4 46 96 95 94 43 83 36 5 93 22 25 54 69 4 4 4 98 84 82 2 0 56 83 83 37 55 38 32 34 41 67 60 4 59 5 
41 81 76 51 26 26 1 27 98 38 81 9 47 69 63 15 58 59 30 15 6 73 20 82 62 59 36 30 47 9 23 78 24 44 49 48 41 58 72 62 90 97 30 42 29 7 95 21 39 3 66 54 99 62 35 63 83 0 39 58 1 24 67 86 73 88 13 76 44 31 6 
79 19 9 12 29 32 23 75 30 30 31 17 18 7 84 70 67 23 22 18 83 46 9 97 29 64 68 78 13 59 90 17 74 83 78 53 42 85 33 75 79 37 51 2 1 46 22 18 32 70 43 8 87 1 35 77 40 79 0 51 34 99 37 29 89 22 61 84 49 79 43 
28 63 81 11 7 5 27 39 61 67 3 9 76 64 60 57 28 7 70 72 49 33 92 76 26 22 9 82 54 25 54 56 33 57 2 37 20 82 98 71 9 36 93 59 83 54 74 53 86 47 81 6 13 76 40 27 58 27 38 0 56 79 83 91 86 2 9 95 70 78 69 
48 55 5 37 33 68 98 7 25 83 81 55 73 43 52 30 22 87 99 85 68 29 98 96 2 13 91 6 72 96 46 84 82 76 24 20 78 3 75 23 35 11 70 55 74 38 38 90 13 12 96 89 79 11 43 89 69 85 78 45 0 95 92 52 30 49 78 42 6 63 64 
59 8 36 51 99 79 46 21 52 14 35 15 48 80 29 58 25 48 5 5 76 73 21 5 16 50 17 29 61 85 57 32 78 19 5 74 66 19 9 14 17 79 49 20 9 25 97 24 6 1 14 39 90 12 57 20 61 83 85 23 35 0 76 39 67 44 49 46 36 70 10 
9 73 27 62 43 19 12 91 55 27 59 46 49 79 16 31 85 96 74 54 16 23 77 41 30 65 2 43 72 57 85 48 57 34 89 93 7 81 26 80 66 85 19 77 26 81 31 8 74 15 14 55 25 66 31 90 18 46 13 19 1 78 0 6 23 92 55 8 32 39 34 
92 5 9 30 95 66 98 28 87 80 78 33 43 99 11 41 42 95 90 4 13 22 34 92 5 28 55 80 77 32 95 92 11 33 96 82 5 40 40 44 51 7 52 96 60 98 87 74 8 78 75 44 62 99 39 85 7 2 59 10 61 8 69 0 26 51 35 43 39 36 35 
60 67 54 89 15 55 39 62 90 75 15 59 63 35 47 74 87 93 22 53 92 40 70 59 47 38 96 53 95 1 17 67 53 76 92 34 18 80 25 96 16 39 95 47 77 98 32 10 3 48 42 74 52 95 4 44 50 14 42 34 22 46 14 29 0 23 18 86 77 48 57 
6 47 66 34 54 78 10 63 23 35 52 48 59 47 40 43 59 64 62 33 17 83 87 45 97 42 94 20 93 61 33 16 55 90 19 4 33 80 55 81 25 82 62 6 83 2 76 27 78 13 57 24 77 91 10 19 22 31 29 18 99 6 8 21 42 0 71 27 71 33 74 
79 85 91 55 34 57 57 38 11 7 96 42 49 54 91 40 71 94 23 25 38 53 98 98 77 19 88 72 16 8 89 49 87 81 52 62 36 54 51 54 80 28 25 58 82 33 21 46 13 60 77 58 55 66 7 98 76 20 79 76 79 95 14 63 51 40 0 14 62 79 11 
28 84 96 55 80 41 16 81 7 61 65 85 98 45 11 60 51 7 84 8 86 20 67 70 26 46 60 80 61 29 60 18 15 49 2 17 56 98 96 54 32 70 70 51 61 38 56 70 27 51 55 29 27 35 60 6 9 59 17 3 73 68 21 82 49 34 9 0 22 91 32 
50 25 38 34 61 14 47 55 60 28 30 63 85 81 27 90 55 32 75 72 93 86 28 14 31 53 48 3 2 61 35 49 50 56 56 3 83 65 51 53 77 73 53 80 90 5 64 81 57 57 83 47 6 31 5 53 69 21 72 65 9 48 89 85 60 90 51 63 0 77 31 
85 80 28 29 50 60 77 42 60 61 51 49 63 51 74 39 86 95 78 83 12 26 45 21 85 73 20 78 48 58 41 8 25 67 24 14 35 9 48 11 94 52 40 71 49 43 19 5 49 10 7 31 40 42 25 74 79 82 61 18 75 42 28 2 67 93 62 95 15 0 65 
9 96 22 36 23 23 67 3 79 91 57 52 57 4 89 12 76 57 23 20 84 26 25 46 6 91 69 97 16 92 65 93 60 92 64 67 11 57 93 23 65 18 86 32 69 57 18 99 57 71 42 41 90 52 92 81 30 31 79 73 81 4 15 68 95 57 1 92 56 94 0 
