6 2
2 2
0 91 82 33 68 31 72 74 88 32 50 59 7 
45 0 64 10 24 64 77 80 79 36 49 62 33 
52 76 0 27 68 51 65 64 69 69 7 33 84 
64 54 73 0 16 77 64 43 22 84 62 41 4 
2 92 86 69 0 87 12 99 41 28 84 19 15 
87 95 4 54 41 0 21 80 61 64 6 68 64 
48 51 39 59 94 17 0 54 82 60 12 7 82 
91 78 40 29 84 41 54 0 59 70 52 77 15 
64 69 82 52 38 81 63 40 0 32 46 17 99 
58 87 88 70 16 17 11 79 3 0 56 6 52 
19 42 75 57 38 38 50 14 60 80 0 72 77 
4 80 52 65 49 22 2 53 69 94 12 0 82 
11 98 14 98 74 75 49 98 50 86 82 77 0 
