15 5
0 31 70 64 10 51 43 22 72 11 53 39 47 21 53 75 52 86 95 33 18 67 56 21 69 99 26 30 58 50 12 
19 0 90 48 70 51 20 13 72 32 68 10 66 11 93 49 17 90 78 49 74 53 64 45 89 48 16 52 49 55 35 
69 80 0 95 64 51 89 23 74 85 63 86 87 68 93 80 77 68 85 78 6 95 36 97 92 81 27 35 64 39 75 
6 40 68 0 95 12 66 79 52 47 92 13 69 65 27 40 3 1 41 83 70 76 29 26 70 19 93 42 55 59 77 
32 42 27 12 0 78 69 80 3 31 30 34 78 41 2 30 39 84 87 62 59 15 9 13 21 48 69 47 10 9 36 
7 54 68 82 76 0 67 94 55 14 69 56 54 27 97 79 86 1 19 91 4 36 70 57 79 76 55 93 59 93 99 
77 28 30 98 20 80 0 77 52 4 35 85 93 45 33 46 93 59 34 93 86 24 27 76 61 29 55 67 84 38 24 
70 45 87 86 14 88 44 0 54 6 6 75 28 24 55 16 99 9 71 90 65 53 95 13 96 47 62 48 83 42 27 
95 37 37 50 63 95 62 77 0 11 63 40 15 75 40 51 37 43 24 44 68 85 72 42 39 61 73 58 17 92 41 
12 70 98 87 10 89 57 72 7 0 33 33 22 92 66 25 83 51 60 25 18 71 74 82 74 92 59 58 5 93 23 
15 14 17 78 94 76 41 11 44 26 0 76 39 77 85 67 12 5 97 49 54 56 22 30 31 20 46 12 38 64 54 
4 3 99 7 23 47 21 14 35 58 58 0 46 20 35 56 84 16 65 41 95 35 47 77 42 31 88 31 70 55 42 
62 19 77 32 21 58 93 78 91 16 5 4 0 10 21 90 71 99 52 42 13 5 58 41 8 4 17 25 71 21 38 
31 86 76 7 59 9 42 23 71 62 77 48 76 0 20 51 73 87 82 2 98 61 33 32 69 38 54 24 29 10 32 
9 39 7 33 93 39 6 13 48 50 14 46 88 96 0 86 3 6 85 87 39 88 57 61 10 62 19 49 30 58 12 
14 38 74 57 42 47 39 94 39 50 84 79 48 81 56 0 3 92 19 6 36 15 61 90 24 86 41 47 64 11 10 
26 76 52 13 78 51 12 75 34 68 33 54 45 49 2 84 0 37 48 10 5 21 55 57 72 68 69 73 6 45 33 
37 47 77 83 67 75 86 39 36 63 15 4 84 2 89 54 19 0 57 52 84 91 15 86 8 45 66 30 51 79 14 
80 68 74 36 44 10 25 41 34 41 20 73 48 9 16 54 40 6 0 28 41 1 96 92 21 26 63 40 2 49 24 
47 61 97 91 29 59 45 76 85 54 95 37 61 22 26 78 49 40 96 0 56 66 9 44 23 57 70 4 35 77 16 
64 99 92 20 46 69 37 72 16 31 38 41 32 45 46 35 58 61 10 57 0 18 85 24 82 36 88 59 83 59 51 
40 17 43 37 71 18 89 66 96 90 65 76 65 88 7 57 57 53 87 82 19 0 25 63 76 42 24 64 42 56 11 
43 75 30 12 62 22 2 2 12 99 72 18 55 60 68 52 39 27 75 65 42 11 0 56 51 54 69 58 20 72 56 
92 38 42 41 33 82 12 56 41 78 22 87 53 1 11 29 52 43 24 81 93 24 93 0 25 12 40 20 65 29 13 
75 36 54 43 40 92 51 5 23 79 6 44 60 23 29 89 19 56 44 62 22 25 16 2 0 41 60 27 16 11 87 
17 93 78 56 68 96 82 78 4 67 76 42 51 86 94 60 10 70 43 69 18 35 84 66 29 0 86 54 70 53 98 
82 78 90 15 81 93 45 63 79 80 11 53 24 32 38 81 84 14 51 66 78 2 41 4 88 26 0 27 77 43 88 
40 7 77 65 59 66 61 24 4 69 13 45 45 76 49 23 87 39 39 61 91 53 17 48 34 45 40 0 7 35 86 
61 53 84 99 57 29 93 17 71 32 25 73 56 91 72 38 50 58 73 34 88 28 29 91 11 60 90 82 0 52 45 
35 98 95 74 6 72 8 94 74 41 60 94 90 85 73 62 55 36 18 14 67 83 25 62 29 83 87 8 72 0 64 
48 25 15 60 70 26 12 81 52 67 12 15 67 8 33 39 24 18 88 75 65 78 89 15 53 26 57 87 90 72 0 
