10 4
2 2 1 2
0 34 24 65 60 16 43 48 3 23 97 55 53 94 68 43 56 11 9 2 88 
73 0 96 66 53 81 53 59 18 88 94 88 64 54 21 17 4 99 79 98 14 
79 80 0 26 54 26 90 77 59 77 24 54 47 29 69 58 63 3 99 73 6 
26 80 73 0 9 51 74 72 23 33 88 82 36 65 62 81 66 91 92 86 1 
28 15 9 94 0 21 79 48 62 5 77 9 27 18 40 9 37 16 96 33 41 
14 46 14 45 25 0 91 17 96 62 2 44 36 64 99 17 2 90 54 73 75 
36 96 84 11 66 52 0 69 48 2 90 22 48 24 51 46 61 74 75 48 38 
1 49 58 10 97 17 60 0 71 74 69 43 98 18 32 11 78 13 60 22 69 
83 91 14 58 89 25 68 1 0 94 5 14 92 25 65 2 24 6 12 24 82 
76 91 37 84 91 79 84 25 38 0 32 30 62 85 59 71 88 42 43 79 8 
26 54 30 99 26 89 40 21 40 7 0 78 68 21 44 41 77 91 86 45 25 
54 88 2 5 94 61 94 36 78 14 13 0 49 53 69 9 88 26 49 89 13 
27 12 99 62 43 17 11 56 40 70 14 29 0 39 16 17 80 85 36 32 1 
71 55 72 32 45 58 57 66 75 67 83 99 93 0 40 81 42 5 53 49 55 
58 24 7 20 7 84 53 81 70 49 59 5 26 22 0 38 54 50 93 39 58 
80 46 8 69 70 75 54 82 59 8 17 50 70 42 66 0 31 64 46 3 26 
59 13 99 81 99 71 62 70 93 29 75 49 40 64 98 83 0 99 45 94 72 
61 56 1 76 95 57 12 85 37 37 82 13 47 84 16 22 98 0 95 43 62 
30 91 8 70 56 95 75 81 14 90 6 18 85 61 68 55 18 59 0 61 9 
26 42 1 68 17 70 41 8 82 90 60 56 89 46 69 59 89 77 93 0 67 
21 1 12 41 90 45 87 58 9 21 13 33 61 9 97 42 21 49 49 93 0 
