8 3
2 1 2
0 23 3 17 78 47 46 5 89 14 65 78 50 91 45 46 72 
46 0 4 71 53 17 16 17 84 89 84 76 88 55 72 13 35 
86 76 0 64 98 42 46 34 43 21 8 27 80 80 53 21 13 
93 75 95 0 7 81 44 5 47 4 61 89 44 87 50 89 58 
14 87 64 61 0 87 45 44 58 32 86 58 69 3 64 60 84 
85 11 41 68 33 0 37 95 57 26 60 32 47 57 47 6 71 
89 20 70 45 45 66 0 53 55 35 16 95 91 95 12 74 79 
92 15 87 52 64 21 15 0 94 94 93 7 31 60 30 23 40 
88 40 3 92 27 42 87 47 0 93 27 67 9 97 28 58 90 
88 12 89 52 44 67 77 5 45 0 98 46 32 34 54 2 92 
87 32 50 96 22 51 83 36 32 61 0 29 45 77 40 34 73 
20 79 58 37 8 78 56 45 80 72 95 0 94 3 62 84 65 
14 53 54 56 26 15 5 65 27 38 93 66 0 27 42 93 55 
96 21 31 94 44 7 92 64 15 93 95 44 8 0 2 78 93 
58 7 20 12 7 17 2 15 69 16 77 95 81 28 0 66 55 
21 43 7 99 60 46 62 81 36 88 32 44 31 88 4 0 18 
60 47 88 87 32 33 43 23 20 92 67 59 69 38 67 65 0 
