20 6
2 3 4 2 2 3
0 89 67 31 93 47 78 33 55 28 57 38 42 60 24 11 45 92 24 97 51 40 53 21 73 27 77 8 24 19 36 55 61 63 73 58 48 55 9 48 90 
44 0 82 61 45 15 20 82 87 98 93 38 81 75 74 36 67 52 8 65 40 55 51 27 16 39 15 57 34 79 95 14 95 89 94 26 21 69 2 66 10 
6 71 0 97 90 99 1 76 9 64 57 89 74 15 29 1 38 90 50 44 66 7 83 69 21 55 51 16 2 73 29 34 82 88 59 3 75 24 94 75 80 
71 4 76 0 10 55 45 18 73 70 26 61 67 90 89 55 63 54 97 99 40 97 24 39 81 74 65 73 43 14 25 75 22 26 18 68 33 6 6 18 66 
71 28 30 4 0 97 29 97 16 90 71 83 6 70 24 62 80 1 46 82 95 14 46 55 76 22 59 93 86 77 18 3 47 1 91 21 56 13 43 39 20 
60 13 38 11 55 0 53 24 60 94 89 99 97 84 8 64 49 48 37 34 72 42 38 76 43 74 47 84 59 35 25 89 4 73 11 1 80 11 28 27 91 
11 68 3 66 93 42 0 80 77 23 54 93 15 5 26 19 20 18 94 76 65 66 7 12 11 74 20 87 67 74 67 91 7 54 89 26 58 29 63 29 10 
27 20 10 47 18 8 9 0 34 73 1 19 58 26 6 55 60 16 85 51 16 57 35 59 46 39 84 92 37 43 56 50 14 58 98 9 30 36 47 50 23 
90 6 43 53 82 93 80 40 0 59 65 36 41 18 13 57 41 47 26 60 98 68 39 77 5 22 63 98 26 43 83 19 96 51 20 74 35 53 89 86 48 
37 42 76 39 68 48 35 40 57 0 37 55 58 48 52 6 84 53 97 57 8 2 83 63 37 95 7 18 10 95 50 20 5 99 14 25 47 46 93 46 98 
89 96 37 60 1 93 21 79 65 97 0 11 49 75 45 67 53 18 45 71 85 92 1 62 86 70 35 57 55 80 21 68 77 37 14 85 23 30 52 89 70 
27 4 71 11 77 55 77 41 16 23 72 0 66 31 28 65 31 13 44 54 16 85 79 64 24 58 96 41 79 50 10 96 2 22 37 16 60 93 7 32 32 
66 82 54 70 22 34 75 73 31 29 3 78 0 60 45 32 13 1 63 55 21 49 7 33 82 98 95 54 99 49 91 96 60 2 2 20 74 19 62 86 68 
79 49 38 97 84 96 63 69 47 90 42 81 33 0 57 23 78 92 78 67 3 24 40 88 66 84 35 6 51 20 82 61 57 50 22 19 21 92 1 61 9 
72 66 11 82 49 97 67 79 11 76 4 54 86 5 0 57 90 97 54 86 27 36 94 3 95 57 65 31 31 52 6 9 71 57 67 16 7 20 48 9 3 
62 36 36 38 15 85 98 59 65 29 86 32 48 23 83 0 49 65 92 80 28 37 87 48 3 99 35 75 22 84 49 31 51 81 85 98 48 19 11 46 71 
79 12 73 30 56 30 69 11 25 62 90 73 29 41 40 8 0 74 33 1 82 49 47 91 4 9 7 66 86 28 76 6 91 28 27 49 26 24 36 59 78 
73 29 97 63 66 48 52 45 62 20 85 95 31 16 58 72 87 0 70 37 19 63 98 82 71 23 14 14 61 23 58 94 43 7 67 58 71 21 63 7 80 
16 70 20 49 81 82 87 36 30 40 35 36 16 40 23 25 45 32 0 18 7 18 78 7 52 92 23 43 94 18 21 41 87 63 23 82 1 55 92 43 82 
8 31 41 21 13 31 39 46 39 37 17 27 97 63 59 62 85 68 3 0 57 33 50 67 55 21 96 37 61 59 90 78 82 31 57 99 31 33 14 22 69 
48 95 70 81 85 57 18 71 31 98 37 91 91 22 52 64 26 67 61 59 0 17 13 88 70 73 8 78 45 44 1 22 4 12 58 63 5 32 84 46 20 
72 60 53 3 58 48 62 24 22 86 5 42 14 56 62 64 39 87 49 88 71 0 18 45 8 36 69 8 88 57 72 78 26 36 44 59 43 71 63 10 90 
72 83 9 47 68 97 5 79 37 82 55 77 1 68 23 95 27 22 44 28 54 23 0 27 31 99 27 43 9 29 53 42 91 63 78 13 44 15 14 59 57 
79 94 93 37 63 56 53 22 95 18 30 92 73 51 48 88 57 45 63 83 89 73 32 0 98 78 48 92 72 99 30 10 79 6 99 46 92 78 99 89 38 
23 14 25 90 30 30 90 36 21 1 58 11 71 7 4 17 40 82 76 96 30 56 82 3 0 50 93 20 78 24 35 80 31 25 60 89 11 44 28 81 39 
26 97 17 55 60 13 36 47 84 47 41 18 31 61 82 8 87 9 88 61 34 38 26 50 81 0 46 81 55 11 20 16 79 70 6 72 46 26 72 55 31 
29 70 35 47 85 76 66 23 49 66 58 79 79 53 33 70 66 49 76 55 21 43 22 49 86 57 0 91 45 96 71 31 5 38 47 41 32 35 34 37 51 
66 59 31 96 97 84 65 30 89 19 55 85 70 82 58 28 62 9 7 25 53 81 84 64 97 55 97 0 23 4 72 79 41 59 65 10 13 21 2 96 77 
89 70 98 4 35 68 54 42 85 37 27 47 24 46 70 44 49 67 31 46 72 36 8 73 2 18 91 30 0 16 49 61 69 62 9 66 19 79 43 65 17 
96 19 78 82 34 56 93 13 78 63 13 86 4 13 46 84 75 87 16 37 79 37 97 73 61 17 88 17 34 0 10 4 70 35 60 18 91 56 52 11 73 
18 98 11 31 51 44 75 65 78 25 67 76 18 47 68 91 17 64 32 32 28 92 39 16 63 66 37 81 39 32 0 52 97 53 25 22 60 40 3 50 50 
67 39 86 94 43 19 53 38 52 31 44 24 96 71 9 38 43 43 6 95 52 50 61 26 21 83 86 9 49 94 40 0 11 18 74 26 75 74 58 86 11 
25 53 28 10 67 59 89 30 86 17 51 15 22 63 75 30 97 51 4 87 85 29 77 19 66 1 39 42 58 79 12 40 0 96 56 35 61 6 78 79 55 
99 30 18 48 92 10 42 26 50 31 84 74 38 68 30 5 80 83 48 3 49 63 14 36 67 86 4 4 89 82 11 31 40 0 78 75 69 32 27 33 62 
59 58 36 32 74 78 50 43 92 58 5 46 64 52 37 80 63 33 26 8 29 48 55 71 98 34 64 39 79 76 57 57 48 73 0 94 79 89 17 19 85 
64 25 62 13 59 59 61 78 10 44 80 39 40 3 95 38 42 31 17 6 40 51 7 4 94 39 2 16 32 13 51 40 43 70 85 0 80 52 19 95 99 
62 89 29 99 79 99 55 74 80 66 9 7 48 43 80 77 25 54 51 75 86 98 79 81 7 41 98 63 17 71 12 52 18 64 17 15 0 8 78 88 57 
62 73 3 50 14 23 32 17 18 6 92 70 42 46 59 8 29 84 42 84 58 92 99 77 15 59 76 90 92 68 58 16 62 34 40 87 39 0 38 58 55 
29 11 77 85 49 87 23 77 44 58 31 14 24 38 85 84 49 24 88 26 76 52 84 47 59 27 11 78 5 19 14 45 58 57 71 32 28 78 0 61 96 
28 50 46 55 54 64 11 18 44 94 42 51 67 28 43 57 25 98 91 60 15 29 40 60 78 5 16 65 50 14 23 77 56 17 72 20 27 28 96 0 37 
73 2 29 63 23 29 20 5 83 64 66 17 77 48 57 15 86 29 14 63 16 82 53 98 56 36 43 8 82 32 4 94 41 67 41 11 11 92 11 8 0 
