0 55 38 7 15 84 45 88 86 92 9 55 16 82 25 98 71 39 25 40 91 
91 0 63 44 97 86 45 63 37 81 26 21 81 89 19 18 89 1 8 86 99 
47 37 0 79 89 83 6 88 47 30 51 14 70 14 63 64 7 43 30 78 63 
6 73 60 0 7 29 9 47 81 46 90 81 94 33 89 36 50 71 35 4 17 
94 71 91 80 0 69 93 70 52 79 35 81 8 30 21 11 23 5 69 57 35 
2 72 99 42 61 0 74 19 37 48 1 18 4 6 86 80 26 5 82 64 40 
82 87 36 92 86 30 0 14 71 8 38 97 77 60 40 27 56 51 37 44 46 
65 6 15 77 50 9 67 0 92 76 76 58 51 15 49 77 86 51 38 70 16 
83 8 66 41 52 90 1 87 0 21 90 24 92 18 36 82 19 7 79 10 84 
96 77 84 65 96 98 68 10 16 0 82 69 55 25 93 57 80 32 74 39 83 
9 88 44 55 5 98 45 20 5 35 0 65 11 88 2 32 16 82 77 95 31 
61 75 2 89 25 27 1 56 99 2 86 0 94 67 61 17 22 98 99 5 60 
37 96 18 28 92 14 14 6 68 95 32 73 0 11 55 33 49 43 41 3 4 
44 89 34 64 88 82 7 10 47 7 46 71 24 0 66 12 53 52 91 40 81 
81 24 28 85 23 28 17 70 98 63 69 55 17 11 0 90 10 16 33 98 35 
20 18 73 68 97 86 25 50 69 82 74 67 63 85 4 0 10 84 79 78 2 
72 7 9 35 21 35 26 56 71 64 97 41 62 87 65 36 0 12 38 62 20 
52 23 73 84 8 37 77 89 46 63 62 38 34 55 58 57 64 0 80 80 3 
51 85 62 49 56 66 89 74 23 90 68 14 42 16 97 30 32 66 0 17 59 
22 37 84 47 25 3 21 23 83 72 81 94 78 89 11 11 51 4 88 0 77 
16 95 74 72 54 71 80 74 9 84 28 86 82 49 59 39 15 81 45 19 0 
