0 90 77 56 5 50 69 90 55 18 55 92 34 80 51 93 41 91 69 21 92 
58 0 19 13 25 19 52 25 52 69 80 38 43 20 69 42 99 63 70 74 46 
98 4 0 73 98 36 92 92 78 3 88 29 52 94 29 87 60 47 79 61 14 
92 32 8 0 21 96 86 16 21 54 35 13 6 20 95 61 24 16 29 99 59 
26 72 43 94 0 40 11 72 23 96 87 52 75 4 33 31 70 91 5 22 32 
90 31 98 68 29 0 65 51 40 28 12 84 39 90 86 24 97 46 80 22 82 
52 19 2 72 95 83 0 88 43 50 56 19 23 97 64 49 63 85 92 47 28 
31 2 94 97 74 6 1 0 24 22 13 50 2 28 65 7 23 12 90 7 18 
74 44 58 11 86 30 4 47 0 25 67 69 14 57 32 12 3 90 45 75 99 
12 19 69 60 59 76 58 64 70 0 17 62 72 28 11 5 22 93 45 89 32 
31 38 1 27 45 22 52 88 59 18 0 47 10 49 42 95 22 78 93 63 75 
88 23 62 64 96 96 96 37 8 18 51 0 12 87 87 18 30 30 87 72 55 
20 48 62 67 96 58 61 19 87 4 68 60 0 92 68 14 75 99 9 37 67 
51 76 16 11 11 43 27 97 98 2 30 16 3 0 26 13 66 59 64 35 29 
90 6 85 83 18 46 36 77 75 77 67 77 77 1 0 28 84 94 5 78 45 
89 73 53 41 70 21 34 40 11 76 57 87 67 11 25 0 14 29 55 51 57 
59 95 68 93 49 28 5 7 82 65 68 25 44 13 24 37 0 92 1 6 30 
84 96 47 9 6 38 27 83 9 62 46 67 19 32 31 93 49 0 92 4 69 
23 93 60 46 22 2 60 58 33 64 43 31 25 50 66 84 94 7 0 76 65 
42 69 60 17 28 61 7 14 92 89 54 25 47 80 39 48 28 80 57 0 30 
5 49 82 59 7 67 14 60 39 97 19 43 99 53 93 70 11 64 1 96 0 
