20 4
3 4 2 3
0 48 1 99 46 19 76 33 65 83 48 43 50 97 70 75 68 34 57 26 23 28 30 98 1 81 80 13 16 42 36 46 96 88 33 97 17 56 14 84 43 
99 0 3 76 75 51 30 62 19 3 56 76 35 38 14 6 74 65 60 80 31 15 49 80 93 4 5 43 93 61 96 11 63 20 7 71 12 50 26 30 44 
98 8 0 94 65 86 39 48 65 25 77 56 78 47 23 63 99 44 63 34 55 42 10 76 61 18 27 90 89 69 76 65 38 70 73 4 77 42 59 98 92 
45 98 71 0 51 91 4 76 30 21 6 58 35 42 69 59 67 66 12 17 28 82 55 93 44 64 3 79 85 52 65 68 76 74 33 74 66 43 28 54 52 
45 6 63 29 0 48 12 98 89 93 95 93 3 22 60 69 32 72 90 88 38 3 87 94 65 4 39 6 98 27 95 98 97 9 54 71 16 70 69 7 45 
28 31 83 40 74 0 4 94 62 17 24 18 55 37 17 74 13 16 23 83 34 80 76 66 48 55 26 1 62 9 12 44 13 50 1 28 66 88 12 80 21 
64 21 44 93 42 76 0 53 79 46 41 99 67 32 61 12 81 76 8 96 96 87 27 2 68 9 53 52 21 65 28 66 31 29 85 3 81 67 35 31 50 
88 43 11 3 42 70 20 0 44 31 17 34 47 59 7 7 38 86 63 64 14 87 33 28 20 36 97 13 76 46 62 99 14 18 29 55 98 56 4 98 30 
86 53 33 36 2 28 41 17 0 55 12 76 63 50 72 29 84 89 60 73 19 11 76 81 69 32 84 80 51 48 66 60 27 52 63 84 51 30 41 74 92 
46 98 78 29 36 87 86 81 96 0 12 74 54 15 28 27 50 23 52 14 91 95 44 77 21 4 29 41 86 29 8 41 82 1 76 10 99 78 85 73 85 
1 8 99 22 59 93 24 99 35 43 0 66 12 73 58 46 96 74 23 31 74 9 53 80 72 68 42 55 97 83 30 34 3 84 38 68 64 62 96 85 5 
48 90 55 33 36 32 15 14 6 47 83 0 68 10 16 58 16 93 80 93 54 23 83 14 61 57 17 65 52 19 49 29 67 90 55 73 96 3 20 70 6 
4 34 43 23 68 98 34 54 1 80 27 17 0 54 20 50 63 14 66 92 95 2 47 73 98 36 36 58 96 31 43 8 75 6 81 99 25 32 91 16 97 
15 30 68 47 70 96 96 56 59 25 70 98 26 0 63 92 50 33 36 78 87 29 2 26 17 35 55 37 31 13 39 71 50 71 38 43 64 28 48 65 29 
34 21 52 82 78 18 58 12 74 92 27 72 43 70 0 78 80 26 34 77 2 81 64 37 27 20 12 66 62 90 16 48 83 74 36 29 29 61 3 61 93 
18 78 44 84 63 21 68 24 87 26 12 64 1 35 79 0 47 32 92 75 48 24 34 47 91 55 77 48 22 90 7 60 4 31 38 92 41 32 26 92 26 
6 16 52 80 32 96 25 94 31 72 14 15 33 13 8 25 0 72 68 86 41 23 42 78 30 91 52 66 11 19 10 52 79 36 93 84 70 5 15 47 45 
34 50 45 67 15 15 29 60 24 32 12 45 81 77 44 90 41 0 6 25 66 73 90 29 59 67 15 66 43 86 91 20 79 20 12 54 11 23 43 21 5 
9 80 70 30 70 63 75 53 63 41 66 56 72 32 14 41 79 5 0 72 54 80 62 24 76 15 6 46 75 67 2 78 97 83 27 67 73 75 54 89 53 
15 22 46 18 69 59 48 74 12 5 65 83 51 68 48 88 65 79 18 0 57 78 19 33 66 49 21 31 24 32 36 21 88 65 78 96 39 59 83 50 12 
52 83 74 30 96 19 59 76 64 33 10 39 70 67 93 20 22 91 59 82 0 65 73 11 43 89 34 44 55 73 35 63 28 49 66 78 17 62 11 95 97 
41 59 60 26 20 44 45 31 3 32 97 7 9 33 81 51 8 11 95 42 13 0 95 26 77 49 51 39 3 10 54 68 27 58 98 36 51 44 35 17 28 
57 83 68 42 10 31 2 99 51 29 55 44 16 62 60 10 13 30 4 50 78 93 0 64 57 53 59 47 68 88 95 55 61 83 31 15 14 34 80 97 20 
66 70 60 52 17 28 10 30 12 40 76 88 40 10 5 47 51 40 83 41 65 28 43 0 17 90 63 85 1 11 39 26 68 78 32 34 3 58 76 82 36 
48 97 54 49 18 55 89 7 80 4 57 77 83 17 25 99 4 34 7 57 39 79 59 28 0 35 29 92 67 47 77 70 95 93 66 75 54 4 24 38 72 
33 8 94 98 28 33 39 81 57 59 8 18 43 20 38 96 69 12 92 65 53 84 51 69 51 0 13 38 51 11 89 80 75 96 49 32 45 4 44 67 67 
74 63 16 70 81 48 34 63 42 4 44 77 54 7 91 23 44 28 20 7 31 61 66 26 57 75 0 42 17 69 61 63 64 57 55 28 35 45 19 78 40 
48 3 18 15 77 41 22 30 17 89 3 85 13 99 20 45 44 60 53 76 57 84 18 7 35 61 78 0 23 94 23 30 55 15 57 31 16 13 62 51 9 
21 60 82 6 9 77 84 73 49 82 44 35 94 72 33 70 20 41 47 70 71 78 97 12 90 59 37 61 0 8 85 30 42 9 2 19 16 55 94 36 28 
61 12 90 37 40 3 79 59 27 58 50 31 98 62 46 27 57 1 34 93 92 72 48 46 84 76 41 61 19 0 85 14 30 93 72 99 35 10 21 88 63 
79 53 19 90 61 74 24 43 1 43 61 26 81 56 78 82 65 76 8 28 61 74 51 31 16 81 5 82 36 35 0 34 68 75 21 47 14 47 54 65 67 
25 38 64 14 79 9 58 64 84 48 85 9 20 92 81 97 43 18 22 63 1 41 96 94 10 1 17 84 96 12 96 0 8 77 96 60 44 91 63 43 40 
86 58 32 54 96 85 24 81 14 4 43 36 10 15 10 7 28 24 65 94 22 7 23 24 55 57 54 5 95 26 37 76 0 96 83 60 76 24 97 67 78 
36 82 67 40 88 93 15 62 50 69 66 12 73 19 22 2 85 33 9 25 83 63 28 42 27 59 66 57 94 78 35 69 36 0 24 3 17 68 21 16 59 
25 24 72 75 35 22 57 56 2 29 96 78 87 9 72 21 14 44 79 22 57 8 75 86 42 22 80 64 77 62 46 31 10 85 0 84 70 12 19 52 94 
3 79 82 93 42 56 31 19 3 6 65 46 2 76 71 84 12 76 36 47 29 11 18 13 38 22 72 10 89 79 92 59 20 71 14 0 84 95 13 19 50 
46 57 52 46 15 30 87 31 20 61 45 99 28 18 51 38 11 67 75 14 18 70 96 64 87 84 96 16 79 82 60 75 17 38 83 30 0 14 14 79 57 
26 13 92 47 98 47 26 68 6 75 28 85 34 36 51 4 87 11 43 64 83 67 24 35 3 71 31 35 8 27 71 74 28 5 56 84 99 0 55 28 8 
94 22 80 49 92 84 41 52 64 95 37 28 27 89 72 36 81 96 70 96 48 19 86 23 22 18 85 71 36 57 48 19 19 64 39 48 6 86 0 27 60 
16 44 53 78 59 33 95 62 1 25 95 26 28 73 50 3 85 72 96 30 64 93 64 77 70 56 39 48 26 50 42 23 61 17 32 72 17 55 71 0 75 
62 67 24 92 97 47 83 8 13 21 49 4 15 95 77 9 23 66 84 28 72 52 92 98 81 60 90 50 43 98 39 35 59 60 34 98 27 8 77 15 0 
