6 1
2
0 44 13 53 47 79 88 59 43 63 63 84 96 
32 0 8 31 52 9 43 24 82 41 66 79 94 
17 36 0 11 36 17 10 95 52 55 71 8 96 
40 72 35 0 87 35 83 20 49 60 92 93 60 
18 90 10 28 0 17 36 89 92 82 80 19 6 
24 51 42 65 79 0 19 5 49 84 10 41 71 
79 41 70 78 2 92 0 61 17 62 79 92 7 
63 84 7 55 97 97 17 0 23 57 35 93 23 
77 88 74 60 44 18 68 14 0 45 2 20 38 
84 94 57 36 87 6 93 76 65 0 62 56 58 
61 40 9 92 3 65 57 76 53 13 0 39 62 
94 27 69 87 58 22 81 93 82 16 95 0 90 
49 27 11 29 99 51 92 75 47 74 37 14 0 
