0 37 41 85 96 26 46 11 56 92 37 60 62 79 88 94 18 34 96 39 52 66 78 46 42 62 93 68 14 65 76 84 67 33 58 87 26 80 12 18 20 38 50 44 12 62 66 11 10 85 85 54 92 76 31 15 18 11 36 88 77 
97 0 56 69 68 22 35 13 18 38 55 56 82 17 25 61 17 49 65 60 83 45 27 57 36 98 45 47 85 51 17 72 16 83 68 20 80 67 81 72 98 91 37 44 78 25 39 17 50 83 82 25 95 15 14 20 15 37 26 46 90 
99 90 0 20 81 95 53 85 84 99 88 56 23 58 72 18 27 18 14 22 27 18 68 77 24 96 40 26 56 94 82 37 24 79 42 78 46 73 62 43 52 46 61 73 18 91 55 58 39 40 97 89 60 20 66 97 85 71 77 31 85 
19 50 51 0 21 15 48 50 72 20 43 93 59 36 13 37 49 96 17 44 60 75 78 63 54 49 56 33 25 53 26 15 14 36 53 81 17 34 86 75 13 16 99 85 48 94 12 43 55 92 73 30 30 18 79 95 89 19 17 52 71 
39 21 54 93 0 34 47 23 52 22 72 88 65 23 85 66 60 47 90 28 70 56 53 37 62 26 88 51 22 60 60 28 45 10 25 60 21 44 91 82 93 24 76 99 88 46 89 40 57 30 79 30 89 70 24 36 96 19 15 29 91 
12 32 55 65 54 0 70 85 33 28 23 18 90 69 20 82 98 79 42 52 63 24 71 64 18 18 38 61 91 71 66 61 19 93 22 88 66 93 20 99 90 30 10 60 52 73 27 34 98 46 90 89 24 77 28 15 42 79 20 58 96 
88 83 60 97 17 77 0 48 21 20 61 26 49 23 97 68 14 85 63 65 75 62 30 42 66 70 97 32 41 72 91 74 28 42 42 47 37 97 45 90 77 69 30 33 89 20 50 73 24 93 36 18 54 90 45 19 45 79 27 85 31 
54 70 28 48 85 94 80 0 70 29 75 45 71 94 96 95 99 42 79 61 35 35 95 26 64 62 82 74 10 20 98 74 17 48 50 38 85 67 68 20 67 83 97 89 69 59 61 91 58 71 76 28 13 85 50 78 94 56 96 65 46 
30 46 31 14 16 90 53 76 0 69 36 51 93 91 51 73 83 44 91 86 19 66 17 39 47 18 45 17 66 95 86 46 38 82 95 30 20 18 87 17 60 40 49 64 94 48 29 92 76 44 43 23 73 25 84 50 16 58 62 28 31 
91 87 54 43 48 33 77 63 96 0 65 45 54 32 81 37 77 33 86 19 83 97 54 89 92 21 23 36 99 38 89 96 96 39 67 86 92 53 85 77 22 51 35 91 11 53 94 18 19 65 20 82 92 69 29 76 58 47 23 27 96 
56 63 26 21 65 40 69 93 72 37 0 65 56 49 87 50 46 31 83 72 93 23 90 55 98 81 25 82 74 87 50 99 95 27 45 44 65 25 35 61 80 58 51 27 37 97 81 61 36 85 94 87 81 64 84 98 16 38 22 56 88 
63 25 88 32 88 48 89 10 19 83 11 0 10 45 26 41 71 15 88 77 50 55 23 23 38 81 75 43 75 31 61 38 83 95 98 73 22 62 63 84 73 86 44 90 15 21 68 49 65 21 29 60 51 58 38 36 79 52 50 65 61 
42 55 47 83 75 56 78 77 16 97 21 14 0 80 39 82 13 98 57 38 96 86 84 88 73 22 62 79 74 71 36 93 83 15 58 49 81 85 41 14 32 13 50 21 35 51 22 98 49 77 55 33 41 78 87 33 41 42 24 50 57 
83 58 26 85 68 43 15 64 31 92 92 15 13 0 12 77 83 59 82 69 51 65 10 31 36 21 74 11 95 66 96 54 23 21 41 34 60 70 49 38 12 19 36 37 52 42 29 50 69 82 93 35 89 89 61 86 36 30 75 43 86 
28 44 51 17 74 74 62 26 39 43 50 51 56 68 0 58 86 27 90 98 20 66 92 38 23 68 77 90 61 15 93 95 92 41 39 49 84 23 24 55 17 36 92 78 72 63 88 26 46 29 78 49 12 67 40 68 65 31 45 47 42 
66 50 68 33 99 84 61 14 58 74 75 75 47 43 86 0 76 66 91 70 82 47 16 42 19 86 38 53 23 92 91 61 68 47 23 65 78 31 23 22 79 33 15 61 47 69 27 35 80 57 24 65 82 65 53 15 11 92 72 52 99 
49 20 14 92 85 84 41 61 95 78 57 71 13 90 27 59 0 51 53 34 36 28 12 99 51 84 68 50 47 58 49 26 57 71 40 79 67 80 17 95 56 27 73 42 48 77 10 20 21 51 28 57 46 61 73 18 59 11 34 52 35 
48 44 33 65 16 73 87 81 10 16 18 96 46 61 70 93 81 0 48 96 65 28 90 12 89 74 21 68 33 55 17 16 40 12 43 91 19 26 17 29 72 62 59 49 61 11 45 49 94 66 45 77 65 74 70 81 81 61 92 81 55 
45 64 28 29 13 45 14 48 70 11 70 89 76 97 45 23 61 49 0 70 22 82 54 54 25 64 55 11 43 58 77 43 57 78 51 38 92 30 41 62 77 19 56 65 63 90 96 48 92 43 42 45 24 65 10 12 96 25 69 85 19 
68 50 19 11 62 35 82 74 45 81 51 17 26 32 27 92 77 16 11 0 36 70 27 50 83 98 74 85 71 35 37 14 92 62 72 68 38 94 80 11 39 24 14 30 24 21 21 54 94 13 72 20 95 27 67 46 63 60 38 65 55 
97 48 34 23 32 47 46 89 56 75 47 36 89 72 58 88 34 71 41 16 0 97 75 11 55 77 24 33 99 89 86 45 43 11 63 20 78 95 22 37 54 67 42 81 26 30 72 83 25 70 72 86 69 48 79 68 82 83 77 41 83 
74 38 87 25 54 85 35 99 18 23 21 26 60 43 99 19 22 32 31 14 29 0 39 59 74 66 39 62 45 83 69 41 46 75 49 49 38 22 55 47 21 27 47 90 22 48 26 98 14 68 88 15 99 60 97 20 56 85 65 99 27 
55 95 55 88 28 40 39 19 57 71 13 17 19 43 88 29 58 30 47 81 65 74 0 67 39 55 52 24 17 95 56 17 43 65 15 29 47 55 54 12 56 31 71 59 50 77 48 48 56 20 46 37 45 76 19 95 72 63 81 25 86 
80 74 83 91 75 17 84 77 29 92 60 10 92 46 26 54 19 72 77 27 15 69 65 0 61 27 95 37 28 85 41 44 70 37 66 91 19 45 55 92 56 35 46 52 99 79 28 36 63 77 48 86 48 80 99 21 65 13 76 75 77 
99 33 19 69 68 91 78 87 20 51 83 61 80 56 92 45 70 54 14 74 98 92 27 63 0 96 29 55 22 57 31 38 23 44 61 15 22 35 87 75 84 89 37 98 12 95 99 45 21 64 16 16 83 82 84 51 52 98 86 97 43 
53 15 19 83 96 22 66 68 81 84 16 21 41 75 10 90 17 92 14 49 12 88 54 57 32 0 46 87 66 17 71 22 94 25 49 51 57 71 40 21 61 69 51 34 25 82 31 25 35 72 10 18 96 69 63 87 90 97 47 57 21 
14 66 26 90 12 86 78 58 84 95 27 27 78 45 50 87 23 58 14 69 19 88 11 90 41 88 0 90 68 77 79 34 79 32 27 33 77 20 67 40 50 85 15 55 35 29 13 76 16 69 90 54 70 88 47 50 52 28 30 38 24 
40 76 80 11 26 36 32 53 24 43 94 91 91 19 95 65 43 78 12 95 38 82 35 43 95 93 72 0 22 70 68 20 26 36 26 40 66 29 64 16 79 90 48 52 77 36 17 15 78 55 29 39 88 32 35 87 27 94 76 88 96 
24 33 65 69 94 24 47 53 40 70 56 90 39 89 59 86 75 19 32 17 47 21 92 23 99 95 62 66 0 97 24 25 74 39 87 77 12 50 96 40 62 14 26 97 95 14 35 90 57 27 14 62 64 52 44 81 83 65 11 17 75 
79 49 88 81 55 77 61 81 15 33 55 65 55 85 39 74 25 61 31 96 54 47 47 37 20 78 28 70 74 0 83 33 60 38 26 55 65 86 90 34 50 82 59 62 82 67 74 21 63 82 17 91 63 67 67 68 63 91 19 25 26 
89 73 51 89 55 97 14 38 41 50 85 87 64 30 80 36 93 48 39 99 26 63 75 15 98 12 89 83 27 43 0 64 38 86 76 68 83 80 51 22 52 51 82 92 34 76 68 24 42 17 18 87 85 24 69 60 27 37 69 53 84 
39 72 67 37 95 67 13 45 26 70 53 12 86 99 51 18 72 11 81 59 88 49 83 17 90 64 32 42 44 81 27 0 78 37 99 61 45 13 66 97 59 68 24 38 41 87 42 78 36 16 18 91 77 97 74 10 36 61 76 48 69 
82 32 34 81 98 19 68 36 34 91 12 47 22 10 44 79 33 78 84 91 73 16 47 82 24 63 45 56 50 48 76 62 0 46 38 56 34 96 88 89 54 88 35 22 17 66 32 56 64 11 63 43 88 89 30 41 27 11 21 73 92 
64 15 14 72 92 23 12 44 77 55 22 44 23 52 91 83 62 25 82 89 79 64 62 57 99 17 40 43 57 50 47 92 17 0 68 82 97 46 11 48 31 42 71 80 75 55 64 68 38 88 28 36 13 70 36 50 84 50 35 11 74 
83 83 45 49 83 85 85 97 99 61 72 95 24 80 97 35 61 11 63 33 56 30 93 10 46 57 49 91 37 12 94 92 22 50 0 67 87 36 24 22 70 75 29 55 75 84 84 98 82 79 96 69 73 88 91 27 34 79 11 46 80 
64 29 30 86 88 60 34 49 67 87 88 49 68 10 94 63 14 62 10 63 86 25 20 31 82 41 64 12 57 64 34 43 82 18 59 0 67 76 44 15 46 62 43 81 40 16 33 12 11 78 10 20 16 15 92 45 48 15 10 83 32 
54 70 96 60 87 69 43 39 55 70 79 84 25 93 41 53 55 56 53 25 61 18 95 61 84 68 65 77 63 43 42 67 90 80 68 43 0 39 93 15 30 41 15 14 71 63 75 54 89 21 41 55 36 49 30 63 73 15 42 29 80 
82 67 17 31 87 58 97 47 86 78 94 35 43 87 91 45 79 47 41 79 46 80 41 80 92 75 42 12 10 69 29 76 96 98 65 68 87 0 37 56 78 67 43 34 71 95 13 44 25 74 32 24 48 82 61 16 70 35 67 60 91 
85 72 95 53 74 19 58 66 80 40 39 66 21 73 28 53 80 48 61 59 83 69 20 45 85 47 62 14 49 58 71 89 46 64 95 81 73 36 0 27 37 79 38 61 96 94 39 46 12 99 83 39 62 97 25 84 35 34 31 22 13 
54 35 66 14 70 44 42 38 21 99 91 32 65 58 90 36 95 31 36 70 37 69 92 77 19 56 39 63 60 47 59 55 24 13 81 95 55 29 84 0 31 23 11 77 15 61 27 40 14 15 21 84 85 46 32 87 70 45 82 16 85 
17 40 64 61 51 42 43 53 62 13 25 43 88 70 93 49 55 83 29 77 64 90 66 72 18 22 14 38 63 28 83 68 51 85 96 87 52 52 43 16 0 62 81 90 24 34 66 65 56 47 60 73 58 47 84 17 83 23 35 81 40 
78 99 44 20 93 79 40 40 72 90 24 67 21 57 21 86 54 74 73 48 63 93 75 90 62 10 21 47 67 41 61 92 20 49 25 55 21 54 59 65 73 0 19 43 36 41 55 25 31 70 51 79 16 20 65 78 92 68 33 86 29 
19 38 23 98 27 64 16 11 16 98 37 58 43 23 77 20 79 69 23 33 48 32 83 75 53 15 64 14 52 89 14 30 68 86 73 63 67 34 54 44 24 58 0 66 69 11 99 17 44 22 25 49 28 57 32 84 52 83 24 36 65 
29 61 50 19 31 76 89 93 36 15 79 68 52 50 63 83 69 66 17 67 29 63 97 21 91 71 93 54 71 18 20 45 29 88 37 65 37 29 44 29 34 83 71 0 20 28 84 24 39 50 26 56 45 69 87 22 65 97 52 65 89 
75 73 76 13 95 14 85 40 62 71 54 29 14 54 93 49 68 22 42 70 23 29 88 38 64 85 23 14 74 60 83 51 43 19 73 63 30 80 94 75 88 63 50 24 0 57 32 12 30 99 65 98 76 78 37 93 36 63 91 50 51 
47 96 12 53 78 87 35 85 41 20 67 17 41 54 50 72 87 69 23 33 65 25 71 26 38 12 51 18 59 75 65 28 69 20 74 55 74 64 40 82 42 10 82 30 68 0 23 98 66 76 20 72 72 52 36 74 69 64 53 81 11 
83 12 94 79 20 14 79 66 98 35 52 95 11 26 84 82 84 22 70 22 68 12 99 16 17 49 69 74 63 77 70 20 50 42 98 87 34 31 89 22 49 82 17 64 42 75 0 30 47 98 96 20 41 76 26 27 27 35 85 15 32 
49 56 81 20 27 77 59 99 16 67 17 42 21 57 15 79 22 65 59 88 94 83 85 13 81 48 25 42 12 15 41 10 95 29 17 59 84 16 93 23 63 42 30 79 13 90 96 0 18 35 63 57 17 59 56 85 73 41 98 36 96 
36 81 45 42 61 96 58 69 83 48 29 11 58 29 54 52 43 76 38 75 89 51 25 36 11 12 14 78 59 86 70 14 88 20 67 50 23 58 98 70 55 50 45 36 35 47 47 98 0 10 91 78 12 81 65 51 57 22 70 20 71 
27 30 91 57 56 31 87 33 60 60 73 96 31 23 14 51 22 37 64 63 22 72 29 88 63 12 51 72 84 81 64 79 85 35 74 82 96 73 39 63 47 50 24 87 48 44 72 34 54 0 79 78 79 86 95 17 46 48 24 18 63 
28 90 60 26 98 37 71 68 31 41 56 88 30 40 45 58 62 22 16 72 31 57 68 63 41 55 48 18 80 23 11 31 11 50 24 68 45 66 10 89 88 69 72 17 18 43 75 86 64 73 0 38 26 94 61 40 81 27 18 89 92 
72 35 17 73 74 46 33 19 31 45 33 88 34 63 14 44 68 65 59 98 39 67 43 34 42 59 67 55 42 35 67 21 29 49 60 92 26 13 40 90 38 95 90 29 40 82 58 47 68 79 65 0 93 99 76 22 55 69 84 66 43 
98 68 74 58 22 34 61 82 73 24 13 52 43 85 76 23 14 67 40 30 42 57 45 22 87 97 30 55 70 47 86 13 22 59 71 40 47 22 61 43 26 88 40 43 78 72 57 58 39 56 20 86 0 28 82 77 97 34 71 20 76 
62 81 29 92 83 63 91 86 18 59 52 57 67 80 19 67 42 88 65 21 53 72 54 12 24 22 58 94 10 86 38 67 93 36 20 86 97 54 23 67 86 85 77 81 95 85 45 15 44 54 23 80 30 0 65 44 55 79 16 50 23 
36 89 23 93 96 89 56 61 62 25 93 95 21 36 25 55 75 50 47 42 97 91 37 18 79 84 11 92 77 54 54 93 88 36 75 98 33 70 83 83 26 36 12 29 34 17 13 93 21 98 52 84 21 86 0 51 79 22 95 14 59 
75 99 49 41 66 53 44 51 20 32 56 70 22 31 59 31 44 86 43 57 82 32 89 84 44 21 84 64 53 84 88 95 55 53 67 11 70 56 37 93 90 94 65 85 39 91 81 30 22 96 74 66 75 96 62 0 77 39 54 37 88 
39 28 30 99 23 65 50 87 29 64 50 39 52 17 51 13 31 89 13 22 15 71 94 51 81 13 50 99 19 37 23 13 79 95 66 83 26 24 80 12 52 73 44 71 72 49 44 35 89 64 90 50 45 76 19 24 0 91 17 25 80 
52 42 59 26 42 61 41 33 88 94 98 29 99 32 70 11 53 83 13 81 93 89 53 72 99 75 38 95 31 88 32 11 41 27 83 24 85 12 15 99 23 21 68 66 28 44 76 39 50 80 32 19 42 96 66 27 12 0 62 35 93 
14 25 30 31 42 90 94 10 21 29 18 31 12 28 53 76 55 70 58 72 54 30 31 27 92 43 89 37 49 55 34 18 49 46 34 27 86 43 74 22 80 23 60 77 54 33 66 36 19 43 98 83 10 80 56 52 22 72 0 34 43 
29 38 91 20 14 47 42 37 71 82 31 34 13 33 34 89 79 71 73 80 70 47 73 89 66 44 20 29 70 39 63 33 73 96 99 61 36 93 43 95 81 57 34 43 17 47 14 67 69 46 71 35 59 67 77 44 88 68 14 0 20 
23 96 54 31 89 26 80 35 29 72 46 71 55 51 17 35 81 90 55 56 20 94 42 13 52 47 95 25 97 82 92 28 92 57 51 92 15 13 37 43 54 64 86 81 23 66 55 64 64 40 10 65 39 40 99 89 80 93 32 39 0 
