30 2
4 5
0 74 50 98 6 60 50 51 49 10 19 47 24 43 6 82 59 19 99 34 76 31 9 62 72 71 48 7 61 74 47 23 56 63 19 85 27 82 28 82 33 22 71 62 43 34 72 73 3 68 15 65 74 77 6 40 60 44 37 11 24 
69 0 6 36 82 20 77 39 85 64 34 60 51 36 42 36 85 73 88 49 59 81 57 74 26 14 93 49 83 65 35 31 47 80 79 51 21 20 83 48 91 18 30 18 48 56 38 88 14 42 95 41 84 88 6 65 11 38 33 16 17 
45 51 0 54 31 29 54 64 99 82 42 5 29 72 57 12 84 50 16 21 80 92 63 3 67 7 83 59 57 63 83 40 86 19 66 28 76 34 82 76 70 10 76 29 95 1 97 1 38 98 38 80 46 99 36 11 10 4 39 25 31 
63 60 42 0 63 98 43 96 84 46 27 18 96 5 5 4 39 70 64 21 54 36 71 68 65 84 74 62 6 70 2 83 64 50 5 79 53 69 70 7 60 56 70 77 38 21 9 81 87 41 93 7 86 21 31 53 81 4 86 72 85 
88 67 88 78 0 31 88 10 42 19 37 42 34 60 29 97 97 97 82 41 45 87 95 45 86 47 68 98 92 49 70 26 66 39 52 51 27 27 5 82 59 81 1 60 29 31 47 94 35 31 81 26 5 15 21 20 32 88 38 50 99 
76 41 9 13 62 0 25 22 65 16 95 93 32 58 50 91 85 91 10 53 21 34 56 36 7 45 87 29 21 86 23 91 67 32 49 67 83 67 83 22 11 67 63 86 94 20 94 65 29 71 31 50 54 27 92 10 97 60 52 48 99 
8 28 19 36 33 82 0 99 40 65 75 91 22 41 40 87 46 2 50 60 89 22 40 37 34 90 43 36 86 8 3 24 13 85 44 4 3 49 49 57 93 51 8 16 90 7 99 40 6 52 80 97 80 41 94 49 31 10 31 55 28 
22 34 90 20 66 73 69 0 84 48 41 62 2 70 94 56 99 25 9 26 72 42 72 25 65 5 66 3 21 99 15 41 72 94 45 6 21 25 90 88 84 37 28 35 88 76 64 71 41 1 26 99 26 21 22 91 96 28 94 22 60 
69 93 12 93 66 22 61 97 0 21 63 8 63 26 58 75 25 74 79 99 55 71 9 74 90 25 51 73 43 93 23 87 63 40 75 9 21 38 15 42 36 57 90 22 86 71 94 99 12 16 26 16 52 64 59 47 8 76 83 29 91 
63 56 85 2 61 70 9 11 32 0 68 67 18 49 28 77 38 51 33 34 84 3 51 82 99 37 73 89 51 28 52 73 69 47 96 51 69 1 96 43 43 39 82 44 61 97 4 42 50 42 53 15 89 7 95 49 27 32 86 73 27 
61 45 18 79 50 59 36 19 20 49 0 37 82 42 93 14 84 25 6 71 59 6 89 63 90 20 79 29 61 48 68 91 49 77 71 26 42 37 76 83 8 15 89 2 16 54 43 61 81 97 97 91 85 18 78 97 56 9 7 88 87 
17 78 46 52 14 40 81 82 46 87 51 0 61 18 51 84 30 36 46 12 3 5 46 59 67 37 50 76 62 10 41 35 35 69 40 23 16 73 92 9 74 90 43 28 19 92 38 26 43 64 66 74 22 70 23 19 44 3 53 84 1 
95 55 90 70 29 57 79 88 75 27 80 19 0 6 50 42 87 75 2 54 39 1 20 19 4 85 4 34 74 66 53 42 87 48 42 17 95 61 96 62 87 69 25 10 40 54 10 59 87 24 79 19 15 14 8 1 33 20 45 13 62 
39 1 4 1 35 83 15 52 54 35 13 24 55 0 85 32 16 85 8 73 53 14 45 84 78 19 31 95 99 29 38 21 19 2 64 37 68 76 11 99 35 23 90 95 78 5 57 52 10 68 19 59 52 17 27 43 77 90 59 14 23 
74 48 47 53 35 30 70 79 62 39 87 63 77 1 0 66 92 26 31 20 42 98 7 9 82 42 43 93 74 7 37 8 63 75 28 61 28 67 79 43 49 68 1 16 48 35 39 39 66 58 24 17 9 69 55 61 60 78 51 96 56 
88 51 46 39 1 22 83 83 45 47 11 61 77 73 37 0 24 92 62 54 98 17 95 15 46 91 61 91 89 97 15 4 98 19 90 71 30 4 38 92 86 54 7 6 96 97 61 79 52 45 76 71 7 52 97 37 69 25 97 93 54 
60 81 58 60 37 27 5 74 54 29 26 51 84 51 31 28 0 66 35 7 12 35 32 83 49 79 32 12 37 7 19 77 48 51 64 50 48 29 93 10 35 96 7 17 44 5 85 15 88 63 61 6 69 47 14 28 2 92 43 85 73 
98 39 87 6 31 34 43 97 8 37 88 80 51 86 20 62 14 0 59 4 78 21 5 40 86 63 66 68 75 91 88 9 49 40 39 40 54 8 6 50 57 84 34 40 11 60 76 78 48 58 59 27 12 29 14 84 45 55 7 96 38 
71 8 5 88 80 49 6 34 97 75 93 46 79 26 62 16 32 69 0 41 55 15 12 22 3 73 86 30 67 35 49 74 8 29 17 78 48 82 39 23 98 29 17 80 49 51 21 75 47 83 73 26 70 27 30 94 84 93 41 56 11 
94 8 35 45 98 80 86 44 17 48 51 95 79 24 34 68 14 58 35 0 95 33 95 2 54 76 47 39 86 60 53 57 97 17 52 63 68 58 83 81 9 30 58 86 60 57 57 67 32 69 99 37 63 96 84 63 71 49 25 15 8 
62 24 46 63 23 81 37 58 41 94 41 48 70 81 60 79 12 47 12 98 0 25 42 5 27 59 73 38 75 9 52 17 26 84 57 53 50 5 13 88 55 76 70 10 62 10 40 49 25 37 80 92 70 63 5 32 10 35 86 94 93 
60 86 86 56 55 80 15 81 45 91 49 24 34 86 44 2 69 18 88 80 54 0 30 50 76 58 10 28 41 91 92 98 63 99 51 50 64 58 35 70 90 24 1 96 61 1 89 61 24 69 77 6 18 13 91 63 25 28 99 12 74 
87 71 53 43 35 12 87 73 39 86 82 19 78 69 32 97 9 75 55 84 2 65 0 11 50 77 68 42 84 22 48 22 84 66 50 73 22 80 65 27 78 51 99 50 50 79 35 21 35 90 37 4 58 80 98 61 37 76 37 80 20 
54 98 71 6 6 26 22 33 5 73 90 10 86 33 31 86 45 35 54 51 72 44 33 0 60 94 11 83 79 18 29 86 71 22 22 94 79 44 7 57 10 41 24 25 3 29 52 93 39 67 40 37 91 71 57 75 10 64 76 62 13 
94 27 50 23 29 79 23 74 49 98 57 56 75 8 48 27 86 52 96 54 97 82 81 5 0 47 2 20 52 60 47 87 65 3 66 57 98 10 3 99 97 95 65 34 45 18 52 65 59 24 77 67 83 72 23 3 62 74 95 52 48 
11 41 3 72 72 87 35 30 7 84 24 69 37 80 81 41 78 36 35 44 65 34 41 86 11 0 50 95 49 98 77 44 22 32 87 23 60 95 13 56 52 8 58 66 45 48 16 36 21 9 94 66 64 32 11 49 26 32 5 65 17 
36 72 5 78 94 96 51 76 34 88 14 7 80 47 53 74 10 43 62 68 6 2 18 48 32 16 0 74 49 64 68 60 91 81 19 8 30 77 4 11 99 22 84 18 80 71 1 86 51 65 80 3 75 36 92 24 96 31 91 18 12 
47 29 62 71 72 49 4 5 30 29 74 28 67 54 43 65 47 94 60 77 26 68 98 79 9 59 62 0 65 80 51 24 16 61 71 16 99 8 66 25 39 99 10 35 24 88 83 73 92 46 42 45 97 83 72 57 10 80 12 35 97 
62 70 39 2 93 77 82 31 70 21 66 5 23 4 27 89 7 42 85 98 48 29 41 24 8 36 26 91 0 12 42 60 80 75 32 71 58 3 94 41 64 6 23 76 54 88 73 11 87 85 88 47 55 60 19 89 27 73 31 88 86 
39 65 20 94 63 80 36 44 52 77 94 63 43 3 57 41 19 34 43 25 43 40 22 99 99 72 37 7 7 0 76 42 21 70 24 50 42 21 6 11 50 11 34 55 18 60 45 89 52 13 41 48 84 55 56 60 34 45 45 5 13 
44 71 53 60 48 33 64 82 81 69 82 47 59 86 21 53 96 74 56 12 36 97 97 47 90 50 11 30 2 61 0 3 39 90 77 20 73 99 42 21 64 90 83 91 36 60 48 82 67 6 9 45 98 78 52 50 59 96 76 13 90 
78 35 32 85 96 57 6 75 70 78 6 32 92 52 9 44 87 89 53 66 77 93 76 34 41 55 53 10 27 26 62 0 87 4 32 34 46 39 71 48 11 14 96 20 50 42 65 28 74 24 79 92 98 77 31 17 65 47 4 61 84 
7 38 86 34 42 88 4 83 18 41 89 32 58 99 98 30 74 47 59 55 75 98 3 14 75 95 97 11 98 77 25 19 0 72 30 6 15 26 46 53 95 22 94 39 91 67 63 10 80 57 19 89 63 47 87 95 43 22 47 57 19 
92 2 66 9 36 49 49 65 98 68 47 35 78 74 2 18 55 96 69 52 82 50 72 1 1 67 4 20 88 59 16 6 30 0 39 65 82 9 75 77 59 81 27 50 25 70 53 69 43 2 10 43 26 54 17 13 42 66 41 77 71 
21 85 93 78 74 78 36 62 9 93 52 32 24 48 37 6 93 12 12 78 69 84 46 65 85 75 26 61 32 44 74 55 5 38 0 80 10 42 23 76 10 76 87 9 23 49 91 54 23 81 87 45 32 34 40 75 65 76 50 92 41 
38 13 54 19 82 77 75 9 76 39 35 67 16 76 86 45 5 85 14 50 26 8 5 94 31 68 70 70 18 37 8 19 73 64 20 0 26 82 64 84 23 64 56 47 33 32 23 98 86 20 3 62 57 36 34 61 96 59 18 72 61 
7 4 70 89 86 75 96 18 95 68 17 20 32 67 63 95 90 88 89 13 90 24 29 84 56 53 13 8 53 66 25 72 52 21 58 16 0 23 88 4 34 10 42 12 9 99 38 75 36 36 30 94 47 68 52 63 42 78 28 42 70 
42 10 59 76 91 65 78 47 99 78 94 33 82 25 37 35 57 68 52 47 27 68 94 98 59 57 81 22 5 45 8 64 26 30 35 51 52 0 79 77 79 11 9 4 37 51 88 23 6 69 50 92 64 9 35 2 10 70 69 96 57 
96 55 77 20 60 35 11 4 1 15 87 71 15 89 2 27 49 23 21 49 18 33 20 60 68 17 58 93 60 5 76 41 34 60 12 93 62 90 0 23 21 58 91 33 20 22 87 68 77 7 16 94 98 67 53 94 14 76 6 89 1 
37 63 39 83 69 87 20 98 75 31 74 83 99 92 41 4 5 94 18 88 76 6 39 44 57 10 25 20 29 45 44 7 95 95 51 15 69 77 99 0 36 46 71 80 40 70 58 48 16 14 67 28 80 56 43 55 60 40 7 53 17 
39 51 95 37 73 17 83 97 36 99 71 85 60 31 12 85 94 41 31 40 81 59 44 85 41 9 17 31 15 5 52 20 87 7 25 69 8 65 20 69 0 75 83 31 86 4 70 99 15 74 99 39 25 42 71 37 66 53 83 14 64 
16 44 7 70 75 6 32 10 67 79 32 32 63 35 73 34 8 14 3 34 12 30 24 92 97 97 17 12 49 38 55 26 46 70 26 71 32 88 91 61 5 0 57 49 49 3 9 29 28 60 5 89 63 27 70 22 69 2 46 77 43 
92 92 60 28 3 56 59 3 46 25 12 67 73 23 24 74 41 17 47 1 85 64 48 32 88 87 88 14 71 4 12 26 13 60 26 8 25 92 68 47 6 95 0 31 58 5 4 37 22 41 64 48 67 66 55 78 81 31 90 54 52 
76 36 10 25 22 91 88 90 58 47 52 3 10 90 70 10 89 79 6 37 16 5 99 88 49 32 64 48 84 90 93 14 87 96 10 35 54 57 82 56 12 68 29 0 99 66 15 71 24 24 80 49 22 35 42 62 9 2 96 28 49 
96 26 99 20 17 65 16 92 17 34 26 22 45 18 11 52 84 11 53 72 66 56 40 75 80 72 54 95 47 91 50 49 42 21 21 40 37 88 70 30 29 89 3 1 0 41 30 99 15 96 89 24 23 65 24 50 21 4 82 52 83 
41 80 7 61 96 62 78 54 39 34 50 86 32 22 80 83 96 44 58 94 36 6 25 2 69 40 28 93 42 4 90 4 13 68 70 11 28 39 26 52 13 42 81 78 27 0 28 26 52 67 14 64 65 6 80 28 59 15 12 79 90 
81 21 19 91 25 32 21 64 87 30 41 86 4 75 66 66 63 37 40 58 93 24 59 95 39 25 4 39 27 59 92 77 60 57 90 7 68 28 59 82 8 73 66 7 10 36 0 73 13 61 83 50 41 42 15 85 29 69 84 42 50 
32 84 20 34 33 48 35 33 96 50 13 97 93 28 32 36 92 64 56 49 90 51 78 14 7 21 76 18 61 69 99 97 58 28 40 22 14 14 79 76 3 44 54 1 13 7 81 0 59 42 70 41 65 75 11 25 38 48 37 44 67 
18 72 44 18 7 73 13 14 26 94 94 18 20 59 58 98 17 10 91 68 42 26 66 95 62 75 10 42 60 22 19 21 2 3 94 59 85 1 78 44 73 37 89 81 83 60 49 23 0 64 81 85 95 20 35 44 20 20 53 44 25 
81 35 54 15 64 77 87 32 63 3 87 14 95 66 75 58 68 24 68 14 91 86 38 49 28 88 72 61 70 42 26 60 57 62 41 60 6 84 30 50 7 83 9 49 23 11 26 21 56 0 8 65 30 31 69 63 56 2 59 41 14 
26 29 36 66 4 70 63 41 9 48 60 52 42 20 17 68 79 15 14 75 28 34 17 75 83 19 46 87 86 57 40 40 55 96 52 24 95 24 42 63 16 71 59 89 57 66 8 45 88 96 0 66 33 50 65 73 97 90 79 19 81 
1 10 6 74 66 64 82 62 82 74 41 65 64 27 44 53 22 77 76 80 89 24 31 90 94 8 73 75 57 42 94 91 86 25 35 26 13 56 4 91 81 68 30 56 89 60 82 54 22 85 65 0 35 30 80 91 6 16 17 13 47 
81 52 46 52 34 34 19 78 20 70 55 80 97 43 64 15 26 88 55 22 88 75 35 70 11 91 4 38 40 67 25 49 61 50 50 28 18 31 60 96 74 50 35 28 86 70 36 57 96 38 58 97 0 20 93 54 51 9 29 50 62 
41 13 93 41 83 93 28 51 86 23 6 41 73 96 60 86 99 82 44 52 67 65 90 46 55 14 90 40 57 98 32 30 35 90 47 46 17 81 51 38 42 58 11 44 32 95 49 40 34 38 86 94 44 0 86 46 40 43 25 37 44 
6 19 70 3 29 17 45 45 15 63 31 74 9 93 33 50 59 88 77 30 11 12 76 82 68 73 71 62 59 86 78 59 82 31 68 45 70 11 88 35 61 74 38 24 31 93 66 28 9 36 40 47 73 17 0 13 39 83 95 8 57 
21 42 92 3 11 23 95 81 79 69 4 21 63 72 1 54 7 94 63 9 10 49 74 75 40 71 20 95 91 10 90 2 88 49 25 37 58 81 37 21 62 37 26 50 15 52 73 43 82 11 75 25 76 20 19 0 55 45 93 88 8 
99 21 19 29 92 71 72 53 19 29 39 82 51 2 81 45 89 90 36 95 17 11 55 37 60 73 49 75 91 14 21 54 5 83 17 69 31 26 30 47 7 36 83 23 12 94 1 16 35 17 94 87 12 47 31 70 0 89 80 60 72 
57 7 57 47 39 31 72 68 82 42 42 36 61 36 23 38 18 92 42 53 44 6 30 64 20 98 65 82 98 91 61 89 46 99 58 94 26 91 34 60 22 28 89 63 71 30 45 64 2 43 65 16 91 84 19 55 84 0 77 19 94 
10 60 80 71 7 43 5 55 3 11 90 91 41 69 24 94 55 32 47 50 90 57 95 56 16 20 23 82 98 40 14 65 54 38 7 88 61 6 5 41 22 90 1 12 49 85 57 46 20 78 19 65 13 72 75 60 34 43 0 30 98 
89 46 35 49 94 29 87 59 53 7 65 20 70 43 25 55 47 50 66 95 4 18 38 58 38 43 90 43 53 93 94 5 81 51 86 42 37 53 71 40 36 14 18 47 82 47 90 82 49 66 35 77 61 4 83 72 92 64 74 0 90 
71 36 39 55 9 12 58 50 50 92 37 5 51 4 50 70 89 54 25 53 34 98 14 3 86 58 77 20 32 96 67 37 40 86 79 19 60 65 9 4 96 40 71 54 58 48 20 98 42 75 46 87 56 48 77 11 94 52 64 19 0 
