15 2
3 4
0 68 85 4 6 47 32 95 33 35 63 56 45 24 33 11 8 51 17 61 62 25 38 18 40 92 74 23 74 2 64 
86 0 18 88 36 10 10 26 14 57 28 97 50 99 69 85 7 8 20 36 72 85 98 27 75 31 70 98 80 74 53 
84 92 0 3 84 40 61 67 17 49 46 42 55 44 47 76 84 31 39 99 95 3 45 57 91 81 43 37 36 97 64 
63 74 76 0 5 41 92 2 58 96 74 95 76 9 98 91 79 3 36 97 56 76 7 17 68 69 74 12 30 79 85 
60 32 25 92 0 28 9 97 84 8 38 53 9 96 67 16 79 5 36 36 20 90 31 6 88 45 70 15 30 19 16 
97 62 49 68 65 0 91 6 87 7 65 60 45 25 57 48 83 59 31 68 45 53 61 61 48 40 15 30 67 94 12 
5 81 12 63 40 79 0 43 4 27 63 37 78 94 38 32 27 79 59 64 88 63 89 8 10 91 19 99 47 33 85 
57 25 3 32 43 4 75 0 39 42 31 2 33 80 96 58 24 7 38 17 70 63 60 99 81 59 71 56 46 52 11 
26 90 70 52 82 13 56 68 0 15 92 13 78 71 89 68 61 55 11 88 57 60 99 28 36 29 15 30 87 91 30 
26 43 54 6 37 72 84 1 63 0 65 65 3 86 81 27 52 79 73 52 19 49 70 68 20 35 42 76 39 95 96 
11 39 75 25 43 47 33 80 83 19 0 72 12 76 30 59 60 51 86 52 68 40 86 12 26 70 68 59 76 98 74 
67 53 94 64 14 31 29 39 48 17 2 0 77 50 37 79 52 1 79 25 45 54 41 38 22 9 23 27 8 73 3 
89 62 54 43 54 11 36 78 29 81 63 17 0 19 54 70 89 21 83 67 64 83 7 74 25 8 95 24 42 59 44 
45 40 37 28 60 96 75 66 92 88 92 21 43 0 24 22 83 93 25 65 43 60 4 90 65 18 6 80 87 51 27 
50 38 90 92 95 80 13 44 39 62 80 46 23 20 0 90 70 3 46 31 42 6 64 71 77 60 93 4 41 24 12 
94 4 92 57 42 11 77 60 57 92 32 33 94 32 98 0 65 6 59 76 30 8 76 16 45 23 75 63 77 85 74 
16 85 53 90 41 43 58 19 84 39 41 89 91 50 67 19 0 19 81 41 22 65 51 34 24 96 61 4 85 56 39 
45 33 21 11 22 52 58 73 57 16 10 85 24 9 49 5 32 0 22 49 48 18 73 41 35 7 68 89 80 13 65 
63 90 33 56 16 18 49 92 58 55 42 1 99 47 26 49 92 58 0 7 17 66 24 41 38 4 30 24 33 68 16 
66 4 40 87 33 30 90 56 1 36 14 97 97 97 63 87 28 85 7 0 39 55 86 46 91 23 25 70 6 88 45 
29 17 42 93 67 63 6 84 79 91 49 41 5 91 25 4 44 44 29 13 0 80 31 91 20 91 50 41 15 70 51 
76 87 17 13 31 52 49 71 19 94 59 99 27 91 45 82 85 71 76 23 60 0 61 50 45 36 19 66 47 51 81 
82 77 82 16 43 60 63 66 65 79 87 19 63 31 4 19 34 49 60 30 95 74 0 41 90 24 6 43 41 11 13 
73 47 74 99 68 10 51 95 51 80 66 37 91 69 63 40 19 68 71 15 8 48 45 0 99 63 65 66 31 65 8 
48 62 4 93 37 40 41 91 63 75 76 31 94 63 79 59 85 68 79 90 34 24 65 58 0 60 48 48 25 94 60 
43 78 80 6 96 55 28 20 57 1 64 84 26 21 31 27 51 66 27 66 35 94 36 92 5 0 55 98 74 17 28 
56 65 37 98 37 76 2 78 1 46 50 6 99 87 69 42 89 24 3 21 49 85 28 22 87 83 0 91 44 14 90 
7 97 96 59 2 56 18 14 94 28 18 11 8 34 29 32 30 78 41 93 28 54 27 77 63 66 91 0 83 9 87 
5 74 51 71 61 82 71 39 41 72 43 54 42 10 85 16 93 47 80 63 30 97 80 63 57 26 95 99 0 88 43 
42 47 87 3 49 66 78 17 51 26 84 4 19 32 53 98 4 90 16 24 14 56 89 9 49 38 85 7 42 0 37 
22 9 82 88 82 57 40 18 50 15 48 53 63 28 30 87 36 9 42 44 81 55 2 31 84 68 43 38 83 88 0 
