0 96 13 61 27 15 3 43 23 11 26 61 26 20 47 40 50 5 53 49 2 87 44 15 90 4 7 35 66 18 2 73 20 1 39 69 41 2 99 22 90 14 72 21 29 4 13 8 88 36 6 77 27 11 70 45 33 99 31 38 61 54 25 71 90 42 50 70 46 3 87 36 29 38 79 78 45 96 55 59 99 6 35 59 56 82 32 94 15 79 79 60 58 87 23 58 2 77 21 80 79 
34 0 94 10 93 30 94 91 74 78 73 20 62 32 88 26 24 69 48 83 31 55 8 42 13 72 9 14 69 45 95 36 42 70 63 99 92 94 21 62 53 31 40 81 85 94 92 39 40 71 46 62 80 99 48 55 36 36 61 41 73 95 21 4 11 10 25 96 63 69 39 88 42 38 34 77 88 42 32 1 32 61 26 48 26 12 96 74 88 17 10 86 75 23 69 28 71 49 19 48 83 
91 59 0 60 37 17 65 32 36 61 65 88 7 47 1 65 35 73 76 3 17 59 31 39 90 9 81 78 5 93 5 27 57 22 90 4 9 84 49 16 58 94 81 87 65 6 11 44 57 81 50 57 61 63 65 27 47 99 62 51 57 43 35 97 35 16 99 11 35 83 71 76 88 30 51 73 35 2 37 15 22 18 15 3 93 48 34 15 22 98 21 25 81 47 82 93 35 66 22 57 23 
22 22 67 0 9 86 41 13 20 61 24 2 74 27 25 81 95 28 13 42 54 4 99 7 11 50 3 26 14 96 59 58 82 53 23 44 11 18 71 78 95 79 87 59 43 31 84 55 74 86 96 72 4 40 70 15 1 49 13 6 11 54 56 98 31 53 23 12 75 61 84 60 28 19 66 68 39 78 20 89 45 17 83 68 20 62 3 26 39 23 17 43 78 66 25 61 23 80 30 42 68 
95 37 45 19 0 79 83 42 50 14 40 63 92 74 27 99 75 34 53 70 83 50 58 38 86 94 71 75 65 48 26 36 47 20 36 14 32 74 85 41 83 36 61 57 79 49 45 42 22 80 48 40 21 42 8 54 70 25 79 46 31 51 32 22 83 97 65 38 55 35 54 18 1 39 49 24 89 82 6 36 69 41 54 62 30 6 62 3 91 99 96 97 40 53 46 54 5 63 87 1 67 
93 51 26 24 85 0 15 37 48 47 12 66 89 43 12 87 43 31 61 55 65 89 68 70 92 18 80 75 14 26 2 42 18 13 30 29 17 9 79 9 40 90 14 32 75 59 44 3 2 20 17 39 81 45 69 99 36 98 90 26 5 13 45 99 81 67 23 85 71 83 29 16 36 33 55 52 88 5 98 11 50 40 20 89 50 61 32 12 28 16 47 12 28 41 52 87 6 69 25 32 68 
77 32 16 88 24 8 0 67 79 56 30 85 6 17 72 56 56 72 46 40 89 85 43 25 7 43 84 83 29 31 83 16 99 89 32 63 12 43 64 44 88 95 83 52 35 82 95 82 2 76 75 82 19 67 1 75 61 37 67 21 72 92 22 61 34 48 13 45 54 71 94 7 73 2 60 41 30 71 47 29 89 19 88 49 26 41 33 10 70 32 77 93 72 47 92 4 67 95 46 43 79 
30 51 68 5 77 95 87 0 91 88 48 21 94 18 95 74 88 97 50 59 49 73 27 31 51 4 49 26 62 51 65 5 79 68 51 92 67 48 98 90 61 96 23 13 94 74 95 35 23 56 99 16 79 69 78 78 52 72 38 19 49 53 8 24 32 78 36 1 70 30 94 28 52 61 31 12 20 22 31 15 5 68 45 8 62 53 12 84 55 70 84 5 83 51 70 41 11 30 48 47 59 
70 89 88 95 78 60 18 12 0 2 75 37 61 35 85 61 62 40 44 66 93 74 39 64 43 19 28 17 74 2 67 74 33 63 21 83 78 10 64 82 77 77 8 10 82 55 93 47 33 30 26 7 87 60 46 83 32 11 57 5 73 6 8 69 96 83 9 55 50 6 87 28 15 29 8 73 45 73 40 86 74 83 1 93 88 55 57 15 61 59 31 50 91 22 4 48 20 40 49 27 36 
87 34 8 78 76 45 11 61 7 0 75 19 44 68 85 56 18 99 96 96 84 19 23 25 59 34 38 8 56 18 47 27 24 82 76 73 83 73 26 31 30 9 30 18 50 47 40 17 4 66 38 2 65 72 90 49 96 60 72 14 78 75 88 96 42 64 71 69 1 93 36 23 64 78 13 36 27 86 51 33 61 53 14 84 28 66 58 88 80 99 97 74 25 23 76 43 2 1 91 76 59 
90 70 87 11 46 8 88 29 84 40 0 25 54 27 35 45 89 44 21 85 20 85 40 12 58 34 1 72 28 39 9 62 47 79 92 58 24 25 38 33 23 56 29 9 86 63 49 82 6 58 27 54 13 14 62 80 55 23 74 90 49 74 85 49 55 17 71 44 33 88 17 27 89 73 95 90 63 20 63 88 12 21 32 56 34 56 76 89 20 46 51 5 37 20 3 74 5 64 28 76 91 
85 66 34 1 12 88 48 3 68 28 28 0 36 49 87 55 36 40 37 86 23 52 70 16 34 36 80 64 57 26 91 80 95 89 42 25 63 3 17 22 99 17 25 34 10 30 46 43 17 32 8 21 42 41 12 50 29 89 98 44 94 44 88 40 57 88 56 81 66 68 58 84 92 85 97 78 95 16 92 24 34 57 60 63 31 39 4 50 19 29 71 93 43 88 94 55 84 62 72 89 89 
61 33 85 56 19 92 76 49 59 84 80 43 0 91 34 73 63 38 3 66 29 7 67 21 34 20 82 34 70 20 33 70 54 93 12 74 43 20 38 55 81 93 5 78 51 52 36 69 28 46 56 29 53 7 88 93 79 15 41 5 37 21 76 59 37 47 53 84 53 78 12 45 93 14 19 53 2 82 20 49 57 59 36 94 45 61 87 65 40 74 8 82 10 76 78 28 89 5 50 59 83 
65 83 83 15 78 89 34 28 54 76 94 88 26 0 91 10 48 62 69 74 43 42 39 23 23 81 2 49 81 36 27 86 38 89 38 98 64 84 44 40 58 50 94 39 3 88 60 88 46 8 22 58 8 92 58 73 72 6 35 56 29 76 3 7 29 5 45 60 10 32 88 15 51 57 21 3 14 86 80 38 19 61 63 1 85 68 76 64 61 55 16 84 78 55 35 30 34 31 97 87 71 
11 62 2 7 39 94 55 49 81 84 44 23 88 67 0 63 70 11 30 78 33 10 50 30 93 53 6 70 41 27 33 32 91 37 51 94 95 73 8 71 39 34 3 63 78 6 7 99 29 59 1 83 56 37 41 4 7 55 39 87 41 54 82 75 16 34 94 90 87 63 55 29 53 21 43 24 53 92 96 8 57 62 5 95 16 23 56 34 33 89 55 2 68 68 81 6 29 79 47 81 57 
71 75 15 70 86 43 67 44 72 71 20 74 73 54 62 0 97 76 38 6 78 43 4 55 44 85 41 29 62 53 8 18 15 90 60 20 10 86 33 23 80 77 20 96 68 72 8 13 86 90 84 20 97 72 90 34 68 63 30 13 50 79 37 99 10 80 25 69 7 12 85 52 67 81 4 12 46 14 34 94 32 3 47 33 1 28 45 67 41 14 56 21 84 36 8 89 82 71 8 2 27 
75 84 30 18 32 5 73 95 99 30 99 59 94 38 22 89 0 30 85 66 31 20 46 24 79 12 30 24 4 38 47 74 92 52 39 54 48 62 56 86 80 44 55 45 19 89 75 25 80 12 50 74 9 80 5 16 7 19 8 16 57 10 16 57 38 43 12 43 81 31 83 21 84 13 95 99 32 53 96 45 15 18 63 53 40 45 25 66 51 24 71 23 73 30 2 16 17 95 49 66 60 
87 71 53 66 60 32 91 68 37 49 55 57 95 77 89 49 17 0 73 78 31 28 94 77 97 39 18 18 45 35 54 25 98 13 26 16 41 31 12 66 22 23 74 95 45 26 7 27 87 10 78 65 98 50 88 23 38 95 32 16 54 77 62 41 59 25 87 76 55 59 34 38 76 70 68 7 75 25 58 3 80 74 94 6 76 4 37 64 40 32 89 96 41 57 90 30 91 21 59 97 85 
17 25 89 60 45 53 53 72 92 98 48 36 25 85 83 20 85 62 0 57 17 99 52 28 36 75 40 52 16 90 35 48 9 65 67 17 6 65 2 10 80 36 63 27 30 7 57 14 42 89 34 14 93 9 47 70 35 94 70 35 33 74 55 42 56 85 40 67 75 47 65 85 56 96 72 60 1 45 66 63 25 66 20 93 32 15 54 19 55 5 35 92 49 93 30 88 66 37 73 24 21 
54 74 22 59 98 9 23 73 82 46 56 20 67 35 33 74 39 25 63 0 74 88 51 36 51 65 14 95 71 68 90 85 72 73 57 20 48 57 7 53 79 76 54 6 33 60 31 91 34 54 53 96 31 55 20 46 24 15 45 7 65 36 25 47 33 17 87 69 42 27 60 36 36 78 28 72 64 88 79 43 54 44 45 9 94 88 33 61 10 39 8 23 22 27 60 41 1 6 74 37 80 
92 40 61 17 76 85 18 12 97 15 68 45 35 8 83 5 62 73 94 49 0 93 6 30 43 77 38 17 21 71 43 87 52 91 94 11 12 87 69 80 72 63 13 11 48 54 23 98 90 31 63 64 45 67 51 15 88 37 79 1 21 69 27 73 61 70 90 76 11 55 76 27 41 69 28 19 2 12 87 80 97 44 49 70 73 6 54 47 53 43 74 28 78 15 86 62 44 72 49 87 40 
62 36 23 13 76 81 46 97 19 1 88 47 13 24 91 48 2 50 88 95 7 0 44 6 65 37 40 15 99 46 97 33 13 23 4 19 75 36 83 17 64 14 12 53 89 39 79 35 53 76 10 17 55 22 5 38 31 24 64 95 18 86 61 63 50 50 70 93 89 84 1 69 10 97 27 99 49 54 90 91 32 82 60 1 6 16 13 60 86 79 36 51 6 34 85 84 37 38 84 19 75 
20 65 21 58 29 98 87 48 97 27 39 55 92 36 38 80 17 85 10 71 22 2 0 99 41 27 2 36 12 8 20 67 99 46 78 55 85 38 59 48 52 84 23 46 84 83 4 31 98 40 1 5 77 85 3 74 3 74 15 19 23 78 36 17 46 39 24 71 86 87 2 1 21 72 29 86 52 15 18 26 68 13 32 52 93 39 64 34 30 94 94 60 33 8 75 58 81 98 40 72 69 
75 35 83 66 53 53 95 99 70 47 45 58 48 6 23 89 84 85 17 63 58 70 9 0 88 12 29 96 34 10 29 21 21 93 26 47 41 19 4 9 63 20 78 33 60 81 53 76 46 80 76 78 95 42 6 73 88 89 24 2 51 27 52 13 59 40 38 34 21 2 48 64 70 5 86 98 85 76 37 83 58 97 5 23 53 3 86 12 76 34 29 46 54 30 72 31 45 82 93 51 29 
52 28 62 21 94 27 42 87 55 90 43 46 80 54 22 12 50 77 9 84 82 80 70 27 0 48 44 88 93 92 94 14 7 44 18 76 21 16 83 25 8 49 75 1 53 29 34 50 78 32 31 47 95 31 69 76 40 87 12 48 62 72 92 51 51 51 20 44 58 79 58 93 95 69 34 26 45 85 4 25 29 60 43 90 76 95 19 38 79 92 20 73 40 72 83 12 37 54 88 34 35 
40 19 20 53 42 96 82 14 84 72 74 38 49 36 9 58 66 14 9 82 72 45 97 1 26 0 51 67 56 55 11 11 92 81 8 25 26 37 43 24 86 62 3 4 47 14 69 94 16 35 35 8 39 80 69 12 7 3 28 23 92 8 79 85 42 99 27 65 28 34 10 28 33 38 61 15 90 16 67 70 6 51 66 3 60 18 31 22 72 54 38 54 28 60 65 80 1 13 37 95 43 
44 24 54 52 85 73 15 60 34 48 4 24 96 48 36 16 23 60 97 52 66 89 31 36 64 27 0 23 69 16 70 47 20 62 16 43 2 50 84 84 68 94 50 55 54 37 10 68 18 48 18 83 37 86 60 5 5 81 68 11 70 52 10 8 71 33 15 82 52 35 81 92 28 65 92 5 6 53 23 48 85 29 7 73 3 89 74 26 55 45 68 37 45 28 81 52 23 49 55 44 26 
35 62 46 86 73 86 77 83 86 59 78 91 86 18 68 40 37 16 11 38 10 99 50 98 31 55 24 0 93 12 77 71 46 80 62 80 8 40 18 48 48 98 12 32 66 87 38 32 5 5 76 23 5 19 34 49 1 99 78 78 53 54 81 59 99 55 61 42 45 77 84 52 66 60 95 73 60 23 22 82 6 69 38 26 84 63 49 49 30 21 42 39 2 43 47 87 21 75 14 87 69 
18 65 30 91 89 64 82 74 86 80 21 58 33 61 89 66 94 73 63 65 34 88 88 99 60 30 35 87 0 21 30 51 26 29 39 64 28 82 5 36 74 42 2 19 24 50 7 31 63 53 11 71 5 38 52 38 82 23 7 27 67 76 12 32 46 36 30 71 9 17 83 65 66 12 18 74 6 56 75 84 96 20 83 37 59 12 41 89 99 81 42 4 11 91 8 6 42 66 10 56 67 
36 59 20 81 45 7 12 54 15 13 89 74 43 88 18 63 96 90 90 90 12 63 85 50 47 6 21 24 84 0 7 7 56 44 11 96 84 43 31 19 71 73 3 88 33 23 24 2 23 44 66 22 9 13 43 67 4 89 93 68 36 67 74 68 77 31 46 98 57 17 54 44 53 67 56 36 64 8 71 44 16 38 53 26 39 78 93 38 29 16 65 10 62 19 42 7 8 45 12 85 94 
33 52 88 84 34 85 69 75 45 60 78 11 6 78 98 30 12 64 81 11 35 7 95 54 14 20 88 65 37 56 0 72 89 19 22 82 39 23 98 25 49 77 27 66 91 29 82 59 57 49 59 70 48 61 62 22 53 79 47 77 31 67 77 96 61 83 48 49 64 52 91 84 9 67 83 12 85 97 52 58 8 26 20 26 82 61 63 81 64 46 71 26 70 59 94 86 75 62 75 97 20 
51 17 14 37 94 58 67 76 11 85 40 10 16 50 79 15 85 55 6 56 58 63 68 76 97 37 33 6 5 32 27 0 81 48 98 86 72 43 59 75 6 90 18 23 17 34 21 45 43 80 48 11 75 62 57 43 27 84 7 45 48 80 44 63 56 23 9 10 31 11 65 76 2 59 38 54 98 16 6 80 14 24 25 37 66 42 46 19 17 65 14 54 93 7 10 97 87 74 42 1 28 
46 40 72 33 89 5 84 64 51 37 74 74 8 75 75 39 95 13 45 45 94 40 27 69 7 76 69 47 70 2 53 71 0 39 48 78 66 77 84 63 63 14 66 63 82 4 10 96 71 6 60 16 98 16 57 66 17 62 44 41 31 95 64 5 27 77 25 84 62 73 75 16 88 8 79 96 77 77 12 10 29 27 76 31 27 54 34 68 24 37 42 96 5 79 21 71 95 52 16 79 36 
46 85 89 24 41 74 96 17 98 73 38 69 54 64 59 50 12 69 39 15 18 72 61 41 19 77 8 40 86 31 3 79 89 0 97 90 83 15 42 93 15 59 34 6 14 77 82 43 13 58 53 35 77 71 4 33 4 10 25 53 99 36 34 50 21 97 91 39 74 7 57 69 43 27 2 76 60 53 24 36 1 93 65 40 83 64 15 98 4 90 8 25 30 49 88 55 46 85 61 98 77 
37 32 5 13 11 41 30 86 51 16 52 96 60 11 13 49 60 43 3 11 71 65 89 96 50 8 80 81 35 95 24 86 48 75 0 66 1 49 36 57 90 40 19 17 50 70 88 93 45 34 32 65 78 79 93 33 39 30 7 48 89 12 17 13 47 39 30 99 64 57 17 43 91 94 41 15 16 66 9 56 73 81 78 79 36 26 34 71 56 21 31 85 6 80 52 74 76 77 2 24 53 
17 6 58 28 91 89 68 38 63 55 33 56 99 11 44 49 74 64 99 52 25 41 28 23 64 72 40 34 43 81 84 2 48 11 37 0 35 85 55 34 92 38 53 38 86 81 40 61 86 55 58 9 15 80 4 85 15 38 32 81 13 44 40 45 64 16 60 28 23 8 73 78 47 76 31 3 36 50 40 73 4 20 53 32 63 35 6 48 8 14 10 57 67 52 33 23 58 99 24 95 42 
1 25 94 45 68 83 95 51 92 27 72 81 46 54 82 97 30 96 7 12 54 22 41 57 11 75 13 99 48 42 48 40 48 12 65 35 0 93 37 71 36 75 87 13 22 8 74 7 33 20 94 37 91 28 92 28 18 88 23 6 92 45 38 62 62 2 89 11 79 87 80 80 81 82 95 87 18 36 45 88 86 21 58 51 82 84 78 62 23 67 9 59 99 54 93 5 62 42 64 76 33 
58 29 32 12 95 98 96 98 25 30 51 39 56 74 55 60 65 68 33 42 81 20 80 72 71 52 56 38 81 34 99 68 50 12 77 20 61 0 53 33 77 87 97 76 67 44 2 46 21 47 48 30 43 82 19 31 58 17 88 3 34 19 84 12 46 54 20 46 49 62 23 62 97 79 55 1 47 49 70 91 26 70 86 89 20 95 38 30 97 87 39 87 9 99 69 63 77 2 2 10 66 
13 74 37 7 73 74 45 97 32 71 34 14 13 66 25 54 76 12 90 65 52 61 93 93 55 32 96 61 24 85 32 61 72 91 87 9 93 15 0 72 4 89 13 92 66 55 55 75 55 39 86 13 18 85 5 52 39 15 56 86 34 84 28 77 92 38 4 54 56 82 20 64 79 52 86 71 34 11 82 56 81 24 91 20 82 41 79 71 5 42 7 19 91 89 18 72 88 33 70 88 70 
4 56 97 37 71 75 65 73 12 93 3 68 95 91 26 54 91 81 74 73 28 45 20 31 83 9 21 48 25 29 43 51 2 81 5 77 52 3 85 0 54 86 77 1 21 67 53 4 45 34 18 98 98 45 59 49 19 59 25 43 13 94 84 94 2 36 51 74 88 11 68 92 3 38 78 4 48 95 71 95 92 13 19 66 73 1 42 28 79 13 80 84 95 68 87 22 21 49 8 40 7 
29 39 98 91 49 38 42 79 40 80 39 41 68 47 44 12 72 91 34 77 58 38 86 85 72 61 37 54 62 52 31 10 51 4 69 92 86 13 21 50 0 33 56 11 90 30 99 82 34 78 14 47 63 48 97 77 1 61 90 44 98 27 79 58 13 32 44 86 63 35 17 4 1 91 80 29 56 3 9 90 16 39 25 1 13 91 51 63 96 22 91 91 20 80 6 12 41 17 56 29 66 
74 8 52 91 48 92 24 79 77 85 61 31 33 22 35 46 4 74 42 45 44 6 48 90 63 46 97 7 98 35 96 4 1 14 14 66 37 50 40 84 11 0 56 17 10 40 3 82 8 36 56 76 23 33 96 34 20 98 90 83 67 62 9 56 21 37 51 83 83 64 42 55 73 15 45 93 22 88 75 78 49 36 30 31 17 79 91 61 57 67 95 83 96 38 35 5 65 83 45 44 73 
2 89 74 99 45 2 79 99 66 55 4 93 67 67 79 61 50 20 73 9 25 14 94 64 43 36 56 9 84 26 56 66 42 89 35 74 30 87 54 39 92 99 0 28 21 4 42 78 24 35 40 48 28 24 58 65 10 75 9 71 92 32 89 86 67 68 74 17 15 38 68 66 28 56 34 94 3 28 14 1 3 17 48 9 3 98 81 43 34 92 66 93 23 72 35 36 22 2 12 7 6 
52 69 29 94 58 42 87 88 77 99 71 41 42 31 28 15 10 65 5 13 57 79 22 9 88 8 85 82 24 76 60 99 83 70 12 4 77 35 12 38 12 64 1 0 12 64 37 9 95 78 23 12 11 52 94 21 83 33 74 70 35 90 53 61 48 45 91 86 99 42 37 2 70 43 43 3 2 46 6 66 86 34 93 34 87 91 90 68 48 98 99 16 6 14 13 73 6 66 64 52 54 
62 63 78 42 62 77 34 34 98 16 14 59 74 36 62 59 85 86 99 57 31 23 64 77 70 90 73 72 28 26 57 59 88 4 19 86 30 99 11 43 20 62 73 54 0 45 71 97 43 47 81 34 47 6 42 20 66 89 77 55 14 47 47 70 32 63 20 71 27 70 61 85 81 13 61 19 45 1 30 74 15 83 60 90 31 59 47 73 83 81 94 51 1 64 50 81 1 11 65 10 10 
60 42 86 19 53 41 4 55 65 96 67 68 90 46 28 73 84 67 7 5 3 70 13 76 53 76 57 39 65 42 44 22 14 8 42 89 49 47 50 59 71 11 4 6 61 0 75 38 84 52 49 54 18 92 23 50 38 94 93 66 62 19 4 61 69 69 27 66 15 92 5 58 33 27 63 58 23 54 18 11 98 75 10 24 48 50 21 47 21 65 48 89 39 46 28 49 32 53 27 8 55 
67 55 67 74 21 65 35 7 12 83 32 37 3 8 76 76 38 31 28 56 67 95 73 80 12 53 53 94 92 39 88 38 10 23 68 37 61 46 33 1 18 25 82 62 41 29 0 78 4 82 70 20 44 53 16 57 6 38 54 61 36 44 69 17 77 97 56 55 93 87 66 45 7 41 23 64 8 27 79 7 18 56 42 68 69 82 14 29 86 44 47 18 6 81 4 16 13 95 46 71 63 
46 6 20 68 20 32 66 98 60 53 8 9 9 48 81 31 67 70 25 73 8 93 54 28 46 51 31 76 2 20 51 62 84 34 47 94 75 54 63 18 77 13 50 28 62 72 24 0 62 40 33 41 2 35 50 47 52 73 71 27 13 43 29 12 4 58 30 46 29 79 36 73 25 19 61 64 58 3 65 92 28 33 72 12 8 38 27 93 72 62 74 38 21 77 62 47 54 35 5 52 70 
17 25 65 9 90 48 34 6 7 65 46 44 86 25 42 34 59 61 61 6 90 29 76 80 69 12 99 78 82 86 94 94 17 64 42 41 21 87 2 89 4 55 50 7 21 6 60 48 0 92 97 98 58 13 78 84 13 84 15 29 91 19 67 27 36 17 25 21 60 12 37 73 82 12 3 30 58 94 98 46 85 34 38 57 43 52 23 9 99 34 2 45 29 83 88 90 23 79 23 46 33 
58 4 16 73 90 75 73 9 34 52 37 32 55 71 55 50 4 95 45 65 6 10 65 15 81 84 77 12 11 18 70 70 84 3 97 1 68 66 92 40 82 76 76 74 4 29 21 71 7 0 19 77 30 77 46 93 1 78 17 36 77 43 58 47 52 75 94 86 87 43 97 5 5 91 57 15 91 84 73 17 20 7 19 63 19 13 68 33 63 28 75 3 89 36 99 13 11 98 16 41 7 
62 50 19 59 24 32 64 47 68 93 46 96 12 8 28 88 30 49 66 13 63 65 1 83 64 40 70 71 4 68 14 88 86 43 18 31 54 79 73 3 96 17 14 99 12 71 51 65 13 80 0 2 62 12 43 27 87 97 36 1 84 8 28 23 11 41 34 93 70 27 34 49 8 66 82 63 19 23 58 54 62 62 58 3 54 25 63 14 68 74 8 93 83 29 55 1 14 19 41 50 18 
35 88 17 62 88 44 72 20 4 98 40 85 97 11 85 60 78 53 60 75 7 92 86 33 62 69 68 4 68 69 73 9 13 74 48 3 29 71 66 54 75 58 68 6 74 87 41 86 18 99 13 0 82 93 9 23 25 73 6 13 53 20 17 52 83 68 13 65 7 15 46 71 45 54 56 72 83 6 92 32 95 69 14 17 70 4 92 4 40 67 17 37 53 29 10 63 48 94 75 56 39 
8 58 48 94 47 98 99 71 88 45 54 3 99 31 50 86 75 53 9 36 72 56 74 39 9 24 57 26 3 97 13 14 52 66 35 10 93 43 70 45 59 62 80 34 85 70 63 39 25 14 19 31 0 42 82 50 18 69 44 5 60 98 79 65 48 16 86 69 39 22 11 19 49 50 42 87 93 24 15 66 46 38 9 43 11 7 90 17 38 28 67 68 94 39 80 39 79 26 27 72 59 
74 85 32 42 53 19 93 1 74 12 62 17 8 12 36 79 44 90 48 38 60 6 27 48 83 39 75 61 78 28 17 14 91 52 64 87 26 86 79 37 57 49 98 63 94 64 76 57 18 2 57 51 38 0 50 28 48 35 25 98 71 46 89 79 39 68 73 66 46 85 73 75 92 25 48 70 86 24 26 74 42 46 20 22 53 92 31 1 19 58 44 37 7 68 32 34 35 92 44 19 60 
5 16 88 96 73 62 12 34 21 94 78 56 78 7 55 46 28 39 7 24 51 92 80 56 30 7 27 41 51 12 92 25 67 34 37 1 87 21 82 42 9 60 49 68 66 6 64 26 93 2 12 59 50 81 0 4 15 62 18 72 7 56 63 96 47 7 51 31 15 24 11 79 85 84 99 65 6 67 7 91 87 96 51 56 93 24 80 96 2 14 79 85 7 81 76 82 40 73 50 89 21 
64 96 23 30 12 70 51 76 25 91 83 73 28 24 1 56 11 48 70 14 80 22 23 60 41 20 92 40 65 5 29 79 76 10 89 15 87 9 70 89 32 76 70 10 31 1 88 32 64 84 49 60 63 54 98 0 32 89 59 79 48 15 53 8 84 33 87 74 62 75 94 71 32 59 28 93 62 5 63 66 98 70 13 62 32 17 46 55 37 52 41 3 25 7 48 19 36 22 8 45 33 
63 56 5 36 69 91 82 41 19 46 83 48 98 47 37 55 11 88 26 90 13 22 79 37 52 56 19 6 86 8 30 81 27 62 34 99 1 95 9 43 19 44 36 90 35 16 44 78 24 25 69 35 21 47 35 75 0 79 2 58 42 64 76 44 96 96 36 53 84 82 15 83 62 39 49 39 74 23 1 6 54 62 48 22 79 79 98 5 92 59 51 53 96 14 70 79 48 6 19 23 94 
88 41 41 65 21 10 63 30 21 32 46 16 39 11 91 85 98 94 22 89 71 80 50 57 28 98 88 67 83 80 54 61 43 65 84 23 15 6 29 43 83 19 10 60 28 96 10 81 29 7 6 31 83 25 16 27 11 0 33 90 92 12 98 78 66 54 26 87 44 98 61 77 96 36 42 87 67 4 22 65 30 34 11 34 89 43 20 47 28 1 2 93 60 80 81 78 30 66 75 5 42 
58 21 16 22 7 49 44 28 24 51 36 39 48 20 48 69 74 8 89 45 41 96 73 62 42 64 26 16 16 90 89 29 98 80 56 74 51 44 20 24 99 75 86 52 17 6 94 4 48 4 29 43 53 24 80 82 97 33 0 81 70 28 65 4 83 55 68 27 80 38 39 93 25 92 6 89 5 49 26 50 39 52 54 8 41 24 1 1 67 72 95 91 97 69 50 27 11 96 51 68 11 
79 50 42 55 51 10 61 37 6 50 94 84 43 38 57 17 29 46 64 44 56 18 30 17 62 11 88 78 89 52 22 76 70 87 85 22 39 17 39 8 42 86 98 78 50 53 52 55 18 74 40 21 61 17 10 94 10 97 48 0 30 29 60 29 59 23 69 87 62 69 67 15 14 62 73 8 3 28 76 74 49 76 39 16 95 37 37 41 82 62 52 1 31 75 39 81 36 64 28 39 81 
38 15 84 67 76 99 84 90 99 88 5 5 87 36 5 61 38 86 8 55 37 4 99 67 80 4 58 45 6 72 92 29 40 25 53 34 75 89 97 43 87 19 43 89 67 49 62 28 66 85 54 77 85 52 99 57 16 35 92 12 0 2 40 81 2 27 71 16 59 6 43 11 37 47 90 44 22 83 33 23 86 88 80 63 38 74 18 22 96 2 42 7 11 25 29 44 6 27 35 95 55 
96 25 58 94 96 98 44 50 88 94 99 93 39 66 85 51 58 91 82 88 77 47 81 19 43 98 30 58 73 30 53 29 18 13 21 31 52 37 19 42 71 52 67 76 79 10 12 32 56 41 13 90 87 98 62 91 31 50 50 23 61 0 87 85 39 70 41 35 13 93 73 58 37 6 8 75 59 87 51 43 52 8 37 65 64 42 59 10 82 94 7 94 83 11 35 91 62 21 68 6 37 
6 17 2 43 4 54 44 91 84 57 3 26 77 9 58 22 48 94 4 87 8 96 26 82 5 59 91 27 92 53 94 97 4 93 65 48 71 2 66 83 91 67 92 45 44 72 38 13 47 64 91 40 78 59 76 20 90 4 7 59 21 98 0 81 88 47 54 88 40 67 55 8 64 76 15 12 48 35 72 21 37 85 85 85 3 74 60 62 35 25 68 92 43 84 5 89 93 51 42 49 66 
96 32 62 20 93 65 18 12 86 77 58 54 59 41 24 6 7 2 15 62 94 58 92 31 26 37 30 49 4 23 86 58 22 38 84 56 88 47 3 17 93 23 73 92 38 39 26 61 17 45 29 77 3 77 51 46 14 2 69 27 76 41 74 0 43 4 30 93 94 68 48 14 69 44 45 69 67 85 71 50 1 34 45 33 61 23 27 2 52 62 78 58 82 16 96 64 4 4 76 66 76 
17 3 58 92 65 8 86 23 85 58 74 93 81 98 87 81 93 59 43 66 41 48 27 29 1 2 98 13 43 44 14 6 30 27 31 27 93 64 45 72 40 58 43 28 88 71 82 4 58 18 36 69 46 32 72 95 21 71 55 96 69 70 29 34 0 97 40 66 85 36 59 52 75 96 7 75 11 67 84 10 42 1 78 24 32 11 59 14 12 96 78 86 86 6 19 94 65 97 24 49 7 
30 36 38 33 25 51 7 61 57 51 6 85 99 15 19 37 52 4 77 20 16 15 95 61 19 32 64 20 39 23 34 50 63 77 73 44 50 31 23 6 46 4 62 59 94 10 27 81 42 65 22 45 20 88 83 38 84 48 64 73 93 29 40 96 53 0 75 37 11 77 2 29 4 45 35 14 47 26 88 4 70 58 81 74 9 75 70 57 37 33 79 34 29 51 67 38 96 34 55 24 15 
30 94 16 23 1 33 97 97 41 24 39 21 52 85 7 41 12 83 26 40 54 75 8 99 29 55 87 94 14 96 90 49 58 14 72 1 29 36 66 1 55 3 46 29 87 32 24 53 88 17 67 95 89 34 40 93 69 63 95 4 53 52 26 32 11 76 0 72 79 23 26 42 85 27 14 82 20 15 26 44 77 90 18 2 91 84 99 3 46 37 48 13 98 8 1 3 54 74 50 80 61 
22 8 53 24 2 64 39 86 92 49 37 53 77 87 16 2 59 99 80 52 70 52 72 67 95 3 95 72 98 48 13 98 5 88 64 37 23 53 12 34 43 69 66 2 10 67 97 73 53 8 19 41 36 27 5 88 94 72 34 84 53 95 76 6 92 47 76 0 54 13 41 78 84 32 13 65 43 23 90 70 23 21 8 6 20 79 33 18 59 69 86 45 46 55 62 13 79 5 2 62 40 
32 90 35 99 94 46 9 64 43 36 7 57 36 71 67 53 73 18 52 27 89 3 61 66 30 32 7 57 68 76 82 73 21 49 11 36 96 94 13 80 45 94 24 69 97 32 9 74 37 80 64 80 95 53 23 67 14 9 99 93 77 2 72 64 27 23 54 4 0 2 22 89 99 63 39 13 95 4 34 19 70 49 50 65 83 88 37 35 21 86 22 37 97 10 61 29 46 37 40 49 74 
92 66 35 24 11 79 9 91 95 41 62 14 4 53 90 52 56 32 81 58 77 90 19 99 63 55 97 86 83 26 77 34 24 17 16 69 45 30 11 26 18 64 3 40 80 89 59 15 8 33 56 79 1 67 19 90 60 44 41 12 54 56 68 99 58 71 12 57 6 0 82 51 84 64 4 84 30 56 63 20 93 36 68 79 11 60 23 10 8 79 34 20 99 92 44 60 81 3 11 79 67 
57 46 34 48 40 3 34 39 63 6 56 27 22 35 76 50 95 67 16 5 76 89 77 27 2 22 37 3 86 39 95 20 80 32 54 58 86 86 1 8 83 8 5 92 2 52 10 87 50 94 70 12 97 75 15 47 38 94 34 5 38 92 28 25 16 67 38 88 35 8 0 72 14 34 55 27 65 61 22 76 56 16 40 65 29 71 32 26 75 94 87 30 90 15 70 66 3 60 22 46 12 
9 40 52 22 86 28 84 17 20 88 69 33 60 27 21 59 67 59 71 63 57 30 15 93 99 9 8 96 38 67 75 11 99 58 77 87 59 49 5 67 24 12 69 90 42 26 20 15 29 24 25 74 32 61 85 82 10 34 65 70 17 6 9 13 48 18 32 72 53 89 78 0 17 66 66 89 16 72 35 19 27 36 84 3 57 77 30 73 22 8 9 16 13 69 82 25 77 9 51 74 90 
20 8 73 92 85 94 15 93 39 93 31 11 97 68 43 58 69 40 15 97 44 54 32 58 40 36 76 81 92 38 58 74 13 90 81 3 29 24 70 18 78 56 78 2 70 97 43 51 74 35 9 64 62 83 47 10 34 56 36 50 34 32 53 13 49 82 38 54 48 92 66 81 0 21 83 94 59 5 46 28 62 65 59 22 49 53 20 6 32 99 37 3 20 57 89 1 20 15 88 86 46 
98 20 27 97 16 22 94 56 60 24 39 69 23 26 78 21 56 13 86 78 43 40 92 23 81 22 1 15 52 56 64 89 53 11 92 19 1 20 42 51 57 36 86 87 30 94 64 51 30 8 40 69 92 66 21 19 21 66 15 10 71 25 35 68 41 44 99 97 1 19 23 29 13 0 57 43 57 57 37 28 72 52 22 94 68 75 60 42 62 3 72 51 33 47 84 3 90 1 75 49 53 
89 66 91 85 92 92 42 38 70 60 47 15 15 97 48 94 79 26 91 40 15 18 69 84 27 57 79 43 25 19 4 59 93 15 94 27 63 88 6 34 2 34 26 9 30 52 94 68 40 55 97 21 97 96 69 60 29 60 74 36 12 14 75 90 8 92 74 26 72 10 91 47 66 67 0 37 72 53 72 53 55 67 60 41 9 12 47 41 69 83 85 6 80 76 99 99 75 45 92 53 62 
55 85 34 28 60 96 58 34 69 49 87 49 22 1 17 38 28 98 79 63 51 87 30 27 59 99 64 71 29 97 38 15 94 63 96 1 4 38 24 14 34 10 1 51 31 42 46 46 24 71 94 30 76 40 42 64 92 97 98 17 33 12 14 44 35 83 13 29 75 29 28 30 37 27 30 0 53 82 70 52 77 64 98 87 65 20 70 77 87 88 19 71 49 97 89 12 72 11 53 13 41 
8 72 4 3 88 55 48 39 29 36 1 89 56 74 82 87 40 25 69 24 51 43 61 4 39 43 68 16 35 1 50 86 11 51 64 76 27 30 33 32 49 7 38 42 37 62 84 28 46 13 42 36 94 16 52 2 69 31 31 98 58 68 69 57 64 58 89 8 43 60 66 22 24 1 57 79 0 75 49 44 36 9 22 60 38 81 97 62 66 77 6 60 5 72 99 48 29 7 30 50 47 
56 48 14 93 57 84 89 26 98 44 30 72 71 24 56 51 78 11 15 4 98 92 25 75 32 10 65 91 9 68 67 41 17 39 28 55 84 56 48 6 39 18 90 86 56 74 75 56 76 88 25 86 22 97 18 86 35 60 74 21 65 83 3 34 26 56 15 97 85 10 82 16 54 91 10 83 66 0 6 99 13 95 60 66 49 1 24 99 32 93 56 83 12 38 64 10 26 43 10 68 1 
99 46 6 43 33 77 14 73 68 21 59 70 11 95 49 12 69 87 84 40 22 25 92 42 98 14 54 24 66 73 13 95 4 1 93 71 6 58 96 31 88 49 9 27 45 85 15 46 55 48 85 36 62 66 21 16 77 41 98 74 37 43 29 62 93 92 66 11 89 31 91 24 63 51 36 82 50 77 0 83 19 51 25 37 27 56 22 21 13 40 58 59 71 34 49 94 62 4 39 30 42 
84 75 35 46 37 31 93 12 30 41 19 73 97 7 56 58 98 77 97 77 70 95 25 41 88 42 92 45 98 11 13 5 41 21 40 75 26 16 9 22 65 35 73 47 91 15 59 47 23 40 70 71 93 46 46 77 19 36 10 47 41 17 60 90 90 55 53 6 80 27 29 20 73 51 47 53 45 34 7 0 47 14 45 41 30 97 57 13 56 42 60 57 61 68 19 78 55 24 46 2 73 
99 20 60 64 11 98 54 68 26 87 62 96 97 10 87 91 99 92 73 10 64 64 23 96 42 25 49 24 32 93 56 42 74 52 92 27 38 82 28 80 42 91 10 99 30 48 81 39 65 82 14 83 59 31 11 58 14 53 25 46 35 73 42 1 30 35 28 49 3 35 2 20 56 74 60 21 51 95 5 48 0 52 55 22 42 80 72 66 36 88 49 90 62 1 27 45 10 14 57 89 6 
71 60 45 72 95 2 71 4 59 35 44 4 54 89 85 33 73 54 3 58 38 86 57 34 6 58 14 10 65 80 10 88 6 53 62 41 99 91 77 56 41 29 9 53 30 19 64 18 30 85 13 17 99 55 63 53 74 46 39 54 40 21 75 19 17 97 13 86 85 6 24 85 31 32 77 50 34 40 31 6 75 0 76 36 90 15 65 36 10 52 74 25 45 69 90 58 73 14 90 18 60 
93 42 35 49 82 38 66 65 6 39 28 26 46 89 69 97 98 31 78 80 62 49 22 2 16 94 19 64 90 23 81 7 68 56 2 25 85 79 81 1 82 47 52 27 14 20 41 59 41 23 70 39 43 79 40 39 73 85 96 1 67 1 43 97 35 65 18 80 46 96 89 85 45 59 44 37 75 35 54 65 60 73 0 30 96 34 71 40 27 40 96 52 44 59 8 91 36 91 99 91 44 
46 99 60 11 76 3 20 62 77 55 60 64 9 25 88 48 44 16 66 50 46 9 78 35 25 18 98 76 70 51 42 91 41 99 68 34 60 7 67 41 36 59 43 39 17 12 54 57 71 59 10 87 49 48 90 56 46 47 89 53 37 56 54 59 19 24 87 41 1 17 55 80 44 77 85 71 54 55 91 67 4 91 22 0 10 56 33 99 67 46 25 81 86 43 40 71 31 83 91 58 17 
39 65 56 56 31 99 40 61 41 96 43 45 54 15 51 72 72 26 3 35 87 79 78 4 3 20 81 17 10 38 78 43 76 34 59 45 66 80 69 64 30 80 91 40 83 81 37 26 24 45 31 9 30 42 1 89 4 1 44 81 33 49 9 40 93 36 91 13 84 71 23 95 88 20 31 71 90 87 60 64 46 78 84 74 0 38 70 92 62 94 97 89 74 28 42 93 48 76 97 76 41 
64 15 14 90 31 51 48 25 41 28 30 32 88 84 22 65 58 37 16 35 89 33 10 93 50 87 9 73 83 88 7 57 85 17 84 90 91 36 38 53 84 39 69 63 47 23 97 52 89 47 13 48 50 25 62 31 12 3 97 50 13 68 87 49 68 52 64 17 20 6 78 3 63 42 17 35 72 64 29 86 60 24 17 94 20 0 26 69 67 17 10 32 67 19 28 77 29 64 50 91 72 
44 47 50 10 49 80 64 34 3 86 20 43 9 15 87 97 62 95 51 96 39 88 38 47 18 70 92 65 80 42 6 54 68 42 17 58 48 82 34 5 2 46 38 22 58 47 22 9 18 35 70 47 69 34 13 72 51 38 3 33 13 23 92 32 93 47 98 64 80 61 69 61 18 29 17 67 59 84 1 90 17 11 4 41 16 64 0 45 81 2 32 46 86 49 50 6 13 8 5 67 51 
47 1 82 90 20 90 89 40 55 84 96 53 48 65 44 18 66 92 10 5 1 16 6 44 65 81 95 45 20 3 54 48 11 76 56 45 60 99 29 42 99 36 65 3 24 36 82 83 92 53 28 18 19 68 81 95 91 94 83 38 58 96 20 8 57 94 75 5 74 74 71 29 80 77 5 60 9 69 84 4 47 9 28 74 11 92 72 0 41 12 48 62 53 24 53 98 60 81 66 42 74 
55 64 52 47 27 59 52 28 98 93 50 69 99 25 99 39 40 99 87 14 3 33 55 45 19 19 29 62 94 18 58 52 47 27 34 69 11 52 74 88 42 63 38 40 45 41 80 6 12 56 93 76 18 50 50 39 22 20 71 6 8 18 14 31 72 89 69 88 39 94 3 6 65 15 5 43 78 24 98 26 48 24 54 31 5 9 32 45 0 95 43 91 3 1 13 33 48 73 95 2 65 
35 89 50 6 83 7 40 53 1 89 50 24 75 96 65 33 91 40 16 23 21 89 66 26 54 31 68 90 23 76 85 50 97 89 39 43 49 6 58 68 75 64 58 40 49 30 81 75 92 92 45 25 65 29 17 44 83 36 42 98 21 43 75 8 34 36 13 99 6 80 62 57 12 14 67 82 5 70 20 88 59 41 86 73 44 57 79 21 98 0 36 73 2 86 90 74 6 71 59 25 8 
12 86 87 45 72 18 96 50 27 50 32 97 37 96 75 54 49 29 97 76 35 99 57 78 30 66 70 82 64 10 58 47 51 77 62 91 41 56 1 73 48 96 78 58 52 52 54 41 74 90 62 5 95 26 96 32 59 20 91 28 91 96 89 89 77 28 20 62 93 25 9 17 85 43 20 2 93 66 60 90 67 14 2 84 51 77 89 78 40 38 0 65 47 68 67 10 4 63 44 46 96 
22 83 24 70 24 91 94 64 49 97 48 55 57 72 50 34 17 7 3 70 52 15 7 70 40 12 27 35 44 11 78 24 92 88 93 63 54 1 2 82 44 79 28 42 91 85 69 74 41 38 29 28 99 73 11 92 8 40 32 95 39 12 89 57 3 98 7 45 52 87 6 18 67 38 16 43 9 53 44 8 36 55 17 23 74 13 96 27 11 55 72 0 91 82 52 3 44 88 70 37 64 
6 3 32 87 63 75 50 72 24 60 13 58 91 72 60 66 62 62 74 55 49 15 57 73 43 66 45 15 6 70 30 18 20 77 28 4 80 67 49 10 86 5 27 98 87 93 74 62 21 76 3 38 38 69 99 73 98 74 86 87 83 15 43 6 98 68 60 65 39 52 52 80 59 88 66 53 28 45 50 45 36 86 41 98 70 52 10 12 50 60 68 11 0 23 29 99 66 18 40 50 85 
83 39 58 6 29 42 11 78 75 20 64 27 61 90 16 13 59 56 72 99 73 47 36 63 70 94 48 45 72 69 26 22 46 61 54 43 55 13 37 14 20 11 97 32 45 18 6 29 32 19 93 16 26 43 41 90 10 83 51 66 4 41 9 90 93 39 97 45 28 73 14 78 20 34 43 4 6 86 4 92 29 23 82 98 31 1 22 26 81 87 94 60 78 0 9 86 72 36 3 59 23 
39 96 60 6 38 75 43 84 4 83 85 59 96 38 79 58 9 13 71 8 28 79 37 62 53 94 57 73 43 63 50 6 69 21 74 13 69 22 5 56 24 57 31 32 47 99 10 87 72 65 1 94 65 82 72 55 68 53 24 40 98 82 94 47 97 22 54 5 21 50 69 78 59 89 34 24 24 16 10 19 63 85 22 98 96 53 87 58 7 43 27 10 68 22 0 33 17 58 88 91 38 
8 66 79 39 88 1 99 59 75 71 5 92 4 81 36 72 62 41 63 12 6 70 87 50 8 24 69 59 4 60 63 76 52 45 79 91 11 22 7 81 47 68 24 3 57 17 32 65 16 67 30 51 59 42 43 38 84 6 50 95 39 22 44 30 51 13 3 33 19 7 34 54 80 87 90 67 50 53 68 55 68 66 53 59 17 89 49 71 96 45 28 82 97 68 8 0 31 47 21 2 91 
28 98 54 88 20 5 77 34 57 9 60 46 34 70 43 76 75 60 40 20 26 93 82 82 57 75 54 20 83 77 27 8 69 10 46 13 53 36 94 47 38 98 74 53 21 80 74 24 21 2 72 48 42 25 32 38 75 43 40 25 77 49 7 10 43 52 31 12 94 81 79 36 72 86 5 86 44 71 31 41 70 96 57 35 68 9 40 88 80 47 41 10 11 68 99 49 0 71 32 40 25 
2 72 42 48 59 2 1 33 41 7 14 70 43 13 5 46 30 84 20 26 57 66 70 33 85 64 82 48 47 66 93 15 54 20 12 2 12 74 67 69 68 50 53 91 96 91 30 98 76 74 10 91 61 69 73 62 68 1 29 85 50 12 72 3 59 49 42 46 63 82 79 50 30 43 53 64 27 93 37 48 31 82 41 57 89 10 1 74 52 89 95 86 19 85 22 56 40 0 68 59 43 
99 89 48 54 95 44 22 70 9 16 78 17 12 27 9 12 44 63 62 62 53 8 45 99 63 47 77 97 47 59 12 28 4 70 39 21 17 23 64 80 59 6 25 32 2 23 66 12 6 2 38 93 82 49 84 17 15 92 48 42 67 91 54 12 16 76 21 86 1 23 57 17 72 75 69 53 59 6 56 50 30 21 55 94 17 12 39 91 70 8 32 99 60 51 51 85 13 4 0 92 20 
92 2 5 72 80 23 92 7 48 4 3 86 86 88 99 6 64 7 22 13 30 50 81 76 38 69 28 59 65 4 33 57 16 35 54 13 6 59 5 27 44 84 2 72 31 55 25 23 37 81 45 11 84 66 78 82 88 6 10 87 11 50 14 67 27 86 76 87 53 6 28 99 1 16 42 67 63 59 45 42 53 99 43 35 41 74 38 39 27 53 58 95 93 26 2 42 26 12 60 0 21 
86 83 68 48 92 81 55 78 57 6 98 74 75 11 38 19 49 69 2 39 74 39 66 5 79 96 28 98 36 37 71 50 3 34 36 70 15 76 61 66 98 19 63 87 84 11 18 40 43 67 41 4 5 15 33 12 50 11 3 27 24 34 63 51 43 13 79 16 83 94 20 72 47 85 38 84 6 79 46 21 53 85 86 46 94 41 91 19 7 17 21 85 20 18 83 98 82 47 63 91 0 
