10 2
3 2
0 95 26 48 40 37 3 21 86 80 58 23 57 23 31 31 6 38 62 5 19 
25 0 15 69 85 24 59 89 83 72 97 96 35 17 61 84 77 61 28 65 76 
88 7 0 70 64 63 44 10 42 97 26 89 79 2 66 98 28 14 63 6 60 
63 92 54 0 28 88 29 16 39 72 68 26 65 70 17 6 32 16 85 16 38 
72 29 47 79 0 68 41 33 7 43 14 12 59 54 48 94 78 60 81 44 84 
55 23 89 42 28 0 97 17 1 69 66 69 78 96 95 86 97 11 63 58 22 
54 13 91 3 89 82 0 7 96 24 58 52 36 88 83 66 93 74 15 37 52 
11 49 15 49 48 13 95 0 3 98 11 77 60 1 85 11 68 81 24 83 36 
22 92 73 45 78 99 38 36 0 75 80 37 63 50 70 38 66 13 55 83 1 
64 28 32 97 13 34 68 21 49 0 11 23 30 2 3 34 88 88 50 23 59 
28 87 60 11 43 95 91 23 51 79 0 62 1 80 21 87 97 52 95 33 49 
67 78 41 98 49 70 31 63 91 63 30 0 70 23 32 95 47 51 19 50 22 
51 75 71 96 86 10 12 50 43 45 53 34 0 21 97 12 32 44 89 23 72 
44 72 28 69 24 68 44 85 98 4 30 60 33 0 1 98 44 40 99 92 10 
31 7 1 55 85 21 33 84 23 52 58 24 21 57 0 61 72 60 48 39 74 
92 73 27 24 27 74 91 69 2 18 95 17 75 82 81 0 41 67 96 1 81 
52 48 54 71 57 54 73 40 63 54 51 58 46 67 62 92 0 35 75 10 3 
71 25 69 13 83 17 32 67 87 14 46 29 18 65 81 57 65 0 2 60 87 
60 90 77 89 87 42 56 16 64 94 2 5 55 98 11 74 6 50 0 99 19 
76 78 28 64 50 59 45 45 7 67 21 56 17 65 44 52 22 66 32 0 3 
43 41 61 98 85 37 97 82 9 33 37 76 7 52 39 69 3 21 16 33 0 
