8 2
2 3
0 38 53 75 3 34 80 6 50 42 24 67 24 70 58 28 92 
65 0 15 70 11 17 92 57 93 3 91 82 22 65 29 42 3 
74 62 0 51 77 48 7 64 33 32 21 92 43 65 74 81 94 
95 9 16 0 10 61 21 97 35 8 14 76 61 62 6 38 32 
58 65 59 80 0 35 6 15 63 73 21 61 95 29 55 23 45 
6 59 6 94 54 0 77 12 37 80 20 81 57 58 47 2 40 
32 80 94 66 80 1 0 42 41 26 83 94 90 6 98 26 11 
27 43 66 60 29 23 72 0 9 37 35 95 87 36 6 78 38 
96 38 56 13 91 77 82 90 0 29 40 50 85 88 39 47 82 
17 66 98 84 61 94 95 81 21 0 46 2 23 45 87 95 70 
5 62 74 26 59 31 26 86 71 62 0 44 10 68 64 82 64 
44 6 77 69 19 97 61 10 59 62 77 0 80 25 53 93 10 
59 19 91 1 22 34 90 51 48 84 34 77 0 70 55 40 84 
22 72 92 97 81 69 49 6 50 74 6 3 79 0 36 79 80 
96 46 57 95 31 41 47 16 21 6 93 9 21 80 0 46 82 
6 64 95 91 71 35 45 81 89 63 34 42 71 96 24 0 40 
4 63 5 38 89 63 31 69 84 55 70 69 43 72 88 22 0 
