10 1
3
0 12 31 92 9 11 81 1 5 72 68 36 17 56 15 46 34 29 12 91 60 
76 0 5 82 37 2 38 95 48 34 38 87 29 90 70 64 97 15 88 50 23 
53 94 0 19 15 66 97 41 39 57 58 94 15 54 71 83 78 96 40 66 87 
68 90 24 0 63 68 56 42 38 28 80 39 20 16 4 56 84 47 33 28 4 
28 60 61 24 0 36 20 72 88 41 92 89 91 81 80 18 44 65 6 46 78 
68 69 74 28 19 0 95 29 13 90 45 94 84 48 95 62 68 35 83 56 79 
83 26 13 33 19 14 0 80 65 59 3 11 6 29 1 76 21 78 3 52 50 
78 13 56 96 86 45 78 0 70 87 93 76 57 33 21 81 3 96 17 77 74 
75 95 92 63 71 59 17 43 0 46 98 37 30 91 88 10 67 85 69 24 2 
64 39 17 2 97 87 9 26 65 0 66 48 71 90 92 71 44 12 2 14 65 
59 44 14 36 48 86 90 52 8 26 0 14 7 95 35 19 71 49 60 87 76 
71 19 13 5 4 91 43 12 37 71 80 0 37 98 76 28 17 11 60 41 94 
35 25 7 44 62 47 49 25 74 42 29 44 0 97 93 79 62 96 51 89 34 
88 4 19 20 62 14 89 52 50 31 83 85 9 0 97 56 36 10 55 37 83 
47 23 28 65 89 95 33 46 98 95 26 86 89 53 0 95 51 43 40 93 20 
20 98 12 53 20 47 55 30 26 69 21 84 23 97 34 0 95 69 47 5 95 
10 17 45 65 82 26 14 81 14 15 59 58 59 12 36 2 0 49 51 57 4 
20 74 8 78 31 44 58 14 18 61 19 61 46 19 14 8 83 0 45 4 3 
46 20 37 15 47 73 66 74 85 72 21 60 10 38 94 2 88 83 0 13 44 
29 71 32 96 96 33 24 32 34 85 81 97 36 84 19 19 53 35 93 0 84 
21 88 77 8 26 78 89 30 33 41 30 4 62 21 75 37 64 64 24 17 0 
