20 2
3 4
0 88 56 56 31 4 45 86 42 53 75 74 19 1 16 18 34 12 80 94 95 13 22 5 82 96 57 51 89 20 79 59 19 33 66 88 82 14 40 20 65 
42 0 92 74 40 83 36 2 40 51 31 2 50 47 43 62 97 37 75 86 18 9 10 6 29 36 20 38 5 58 80 30 42 45 99 26 98 57 56 97 28 
97 65 0 82 70 65 72 80 25 74 48 52 83 26 30 95 65 32 31 48 22 67 81 63 74 69 41 12 51 84 31 91 2 17 93 21 15 67 63 62 7 
85 24 47 0 88 99 62 36 99 33 28 42 40 26 45 63 81 31 60 18 99 59 78 76 38 80 96 20 5 69 11 65 49 41 64 4 3 49 15 15 88 
21 74 86 91 0 42 74 84 13 24 35 34 25 81 70 53 78 46 2 85 40 65 79 63 10 73 65 93 48 47 61 86 75 37 86 53 17 82 9 49 29 
81 36 28 46 68 0 87 45 91 47 88 31 97 81 79 69 89 8 28 12 74 71 76 96 57 89 60 32 57 73 16 85 60 23 58 49 3 38 69 23 16 
43 89 73 16 17 3 0 75 79 61 81 55 98 56 54 71 81 9 15 29 14 82 7 28 79 98 60 30 96 87 35 89 59 70 19 93 99 18 91 52 61 
37 27 53 66 99 34 2 0 91 92 37 63 51 19 61 62 29 58 19 95 21 48 64 33 61 80 70 73 52 76 49 78 61 94 2 15 60 70 30 58 31 
36 11 52 6 72 14 49 95 0 31 42 99 80 22 64 56 93 61 68 30 8 55 15 28 81 81 48 19 39 54 23 54 15 38 35 58 18 8 10 45 7 
50 57 2 99 32 49 37 94 92 0 96 20 70 59 16 91 1 30 15 16 31 94 50 50 71 10 49 42 91 15 81 66 83 2 54 75 79 94 34 76 65 
1 28 13 55 91 27 22 37 53 45 0 49 68 87 53 90 71 46 99 9 90 71 14 69 26 38 80 47 32 70 17 21 9 42 99 93 85 99 18 80 64 
25 25 30 25 86 77 98 91 54 31 31 0 1 28 5 5 38 48 84 41 57 91 59 91 59 89 98 96 23 27 27 83 75 30 68 93 42 2 54 65 73 
18 5 88 34 2 65 88 32 52 65 95 65 0 25 22 99 69 94 89 24 99 72 29 58 56 53 80 32 43 44 43 64 75 91 46 77 10 86 35 73 53 
50 83 27 19 91 23 31 91 65 25 28 27 89 0 15 9 43 77 8 87 88 93 84 78 77 69 17 16 36 63 91 73 20 65 46 51 42 64 72 79 44 
16 43 75 62 28 91 23 68 75 49 83 17 68 42 0 41 70 19 99 95 99 46 53 26 17 85 91 36 71 79 39 30 10 15 13 21 34 41 7 46 99 
20 15 11 77 25 9 85 60 60 82 16 16 81 6 67 0 97 31 67 59 84 99 83 81 72 35 63 84 8 56 12 49 83 31 60 71 19 45 14 77 4 
42 43 67 22 59 46 29 96 5 96 52 16 63 71 46 78 0 65 42 56 92 31 20 35 54 59 52 96 96 43 68 22 86 2 77 18 51 66 63 40 77 
69 84 84 38 58 61 97 94 37 76 30 69 45 31 32 53 29 0 7 19 24 46 45 73 84 22 59 26 73 65 24 59 26 75 63 13 36 92 74 10 39 
52 55 72 20 1 40 24 91 59 74 4 48 95 65 84 51 6 20 0 25 31 32 97 72 59 51 58 86 45 4 31 82 78 19 6 88 1 45 99 34 19 
75 23 19 19 83 46 30 48 89 63 58 75 68 50 58 36 10 10 60 0 63 32 16 2 90 81 56 61 88 8 86 85 67 28 6 47 34 10 76 69 81 
47 7 21 3 83 40 16 90 4 21 77 26 3 18 9 39 63 9 56 88 0 21 57 6 23 2 16 82 97 69 65 15 8 44 42 5 75 58 13 51 15 
87 9 10 90 52 56 2 78 92 55 56 19 5 43 69 95 1 52 47 19 75 0 54 45 70 77 47 6 70 51 66 86 80 66 47 68 95 68 19 5 40 
9 79 49 9 63 9 16 24 48 87 34 9 47 67 68 90 14 2 5 68 97 96 0 78 15 58 33 14 54 37 33 8 17 52 88 78 96 88 35 54 32 
95 36 35 36 79 67 19 80 80 94 77 2 74 47 38 48 35 31 47 39 64 53 78 0 60 69 64 39 6 64 50 55 7 69 16 3 10 33 95 69 73 
47 15 56 42 56 94 89 3 8 25 25 31 37 28 8 7 59 83 43 68 99 32 30 67 0 78 87 44 10 51 39 58 48 17 82 21 80 39 19 68 42 
72 47 53 14 54 49 28 1 58 8 89 55 42 83 61 6 28 98 14 4 8 8 15 86 37 0 26 73 52 50 1 4 53 76 5 79 81 6 88 89 18 
34 69 38 51 11 45 4 78 78 86 41 17 96 14 24 42 50 80 68 9 31 90 73 64 13 89 0 19 13 31 55 13 24 57 10 92 85 97 83 84 38 
22 83 9 17 28 56 32 79 88 72 61 80 48 57 98 71 32 90 88 62 9 49 65 7 40 18 77 0 36 66 70 93 60 18 21 97 68 58 6 44 19 
48 44 74 78 99 17 13 35 19 26 78 87 18 95 83 6 36 65 4 75 50 11 57 64 88 63 64 75 0 78 74 1 70 66 86 4 55 63 40 48 43 
17 33 93 99 89 67 83 52 51 70 64 22 85 32 30 7 92 53 62 4 11 74 82 83 92 2 88 63 26 0 84 72 90 21 18 64 67 73 38 74 63 
31 86 15 8 28 38 11 15 25 6 41 26 12 18 81 98 10 22 94 97 59 82 85 9 83 14 42 31 78 20 0 22 90 8 84 25 66 55 13 40 12 
57 44 39 27 48 89 14 71 35 20 40 30 28 12 39 48 84 49 20 47 9 39 54 89 63 87 99 42 10 41 36 0 11 4 5 16 82 69 20 47 86 
29 71 56 78 1 71 96 5 71 49 87 37 68 70 16 16 92 85 84 42 28 38 89 81 29 46 77 79 12 99 12 22 0 87 52 86 24 2 85 78 10 
43 91 18 72 46 88 51 39 18 12 61 24 75 82 24 45 60 97 24 19 53 85 34 45 42 8 3 88 62 82 98 95 20 0 64 23 61 11 13 1 91 
22 65 48 86 11 20 81 37 43 1 37 94 90 31 10 13 60 49 50 23 96 94 66 69 16 73 35 29 52 21 74 72 1 26 0 46 70 89 86 40 37 
72 16 45 2 15 89 85 12 70 67 43 22 65 75 75 4 50 32 88 88 29 99 24 79 1 25 39 37 21 90 53 66 48 10 30 0 23 66 70 5 50 
19 16 37 64 47 54 39 78 59 70 16 3 63 91 94 95 10 91 98 97 75 70 32 11 42 2 43 57 17 22 87 62 68 73 23 2 0 85 40 92 98 
9 45 97 44 44 17 87 86 71 74 30 51 30 21 75 10 39 83 64 81 48 88 1 48 57 78 39 52 87 35 2 14 15 42 20 85 24 0 50 98 39 
7 98 43 44 3 97 43 81 16 40 77 9 74 74 76 99 19 15 48 24 32 67 64 87 97 83 60 85 62 72 29 84 88 5 3 55 47 16 0 26 62 
53 68 97 82 99 52 13 9 56 83 50 71 61 16 71 86 24 41 88 39 75 93 16 43 93 12 4 23 85 28 51 75 46 18 90 29 65 31 19 0 65 
65 12 46 11 89 40 61 88 15 98 47 43 74 90 80 20 82 98 62 94 28 95 65 96 37 21 34 51 17 72 14 7 31 19 6 93 5 16 29 27 0 
