0 25 43 62 56 84 61 74 72 12 20 49 60 25 98 52 11 68 61 41 86 72 58 36 75 62 56 83 47 13 33 17 75 99 7 83 8 18 80 25 77 
14 0 1 2 36 44 66 75 45 15 85 53 94 10 58 16 2 70 52 97 33 85 33 3 19 18 59 32 89 86 12 58 97 68 30 47 48 32 6 13 72 
43 32 0 35 94 9 84 15 94 51 73 94 70 76 98 91 98 10 41 75 91 55 88 83 41 41 89 81 50 86 48 60 80 8 71 21 11 91 8 42 25 
59 55 86 0 27 26 69 24 28 24 49 76 62 84 89 53 73 4 34 31 79 4 9 35 51 22 32 38 17 5 23 15 65 73 57 94 34 48 29 76 65 
14 3 20 8 0 41 15 77 59 1 35 91 79 60 32 31 4 92 86 22 95 38 76 36 3 90 56 94 46 78 90 83 21 12 82 54 66 5 74 88 9 
9 35 69 91 65 0 93 56 84 43 65 35 76 74 80 19 43 93 54 9 6 43 13 34 20 40 89 86 19 30 92 78 75 76 6 49 41 64 46 41 3 
68 15 19 93 15 55 0 23 69 60 38 35 92 50 46 22 61 94 85 4 73 86 36 89 53 48 24 33 1 11 2 97 55 49 1 48 76 42 15 40 67 
25 62 57 44 27 78 17 0 61 87 9 61 19 56 58 54 32 34 54 49 17 49 25 22 22 24 21 8 60 94 26 3 18 92 26 62 85 13 19 15 1 
85 9 93 56 47 38 80 66 0 73 50 45 68 31 65 1 56 11 63 49 69 36 40 88 8 56 5 61 26 99 85 95 49 80 70 71 18 34 24 42 63 
92 10 8 61 7 3 60 49 97 0 75 72 55 38 81 30 13 82 13 83 21 13 40 74 98 92 98 83 24 88 5 15 86 29 59 56 35 49 33 36 61 
29 27 49 16 27 89 69 26 6 99 0 32 6 74 35 32 43 38 26 87 92 45 11 14 42 58 4 35 96 28 57 48 33 96 67 3 94 95 28 29 2 
75 33 20 81 77 54 45 71 45 42 15 0 34 35 1 9 18 38 90 62 93 19 38 12 66 6 62 50 16 2 93 76 82 68 91 80 65 67 67 69 76 
3 5 43 86 52 37 49 63 1 45 1 35 0 57 69 69 15 41 46 41 91 2 52 80 13 80 24 20 45 80 87 51 37 67 88 11 3 91 61 20 53 
45 54 68 35 14 57 74 17 71 9 11 12 48 0 6 18 71 70 87 19 58 54 20 90 68 76 14 91 3 14 45 21 1 22 60 54 98 52 8 26 21 
98 36 2 51 49 81 56 80 3 81 9 55 8 44 0 51 51 67 24 64 79 95 43 45 79 65 98 85 39 49 79 67 55 51 4 91 42 3 97 69 86 
66 37 72 27 66 60 31 63 34 61 21 73 3 58 75 0 14 54 24 30 18 83 52 96 97 57 77 77 86 89 96 61 62 34 4 64 97 85 79 58 98 
24 22 35 33 64 55 69 74 13 1 43 93 24 49 88 3 0 74 31 89 58 36 61 39 10 98 52 40 22 50 91 74 9 21 88 49 88 49 37 92 4 
91 77 33 31 61 62 29 63 74 64 51 95 19 75 74 38 32 0 25 74 52 18 33 63 5 39 97 35 89 4 58 4 47 97 37 23 26 43 56 92 81 
55 96 29 95 96 36 69 20 63 87 50 23 51 38 82 65 79 37 0 27 77 51 46 65 1 33 4 11 62 81 35 16 9 41 77 45 46 23 69 55 79 
20 16 64 30 5 40 59 12 41 14 33 51 61 62 13 41 49 14 35 0 79 1 87 22 61 40 90 1 63 40 41 50 46 61 33 31 88 55 59 19 91 
78 96 57 3 3 17 84 62 84 33 96 55 28 64 49 9 5 41 50 57 0 76 95 51 13 12 21 67 67 8 80 1 12 76 75 84 39 72 26 17 1 
13 40 57 69 52 88 25 33 59 27 31 49 54 74 62 68 51 64 80 15 68 0 58 11 38 83 86 76 33 59 76 7 79 67 71 48 6 85 31 73 54 
78 75 77 70 26 34 74 92 1 78 56 13 67 12 47 33 54 3 47 33 73 82 0 72 76 52 24 44 33 5 18 86 23 8 22 11 28 98 18 40 9 
98 65 35 37 19 3 10 49 54 43 21 40 98 72 2 55 86 16 20 1 18 97 4 0 55 97 91 63 93 59 77 81 19 1 73 97 36 59 9 31 84 
54 4 90 1 83 8 95 14 43 33 25 67 15 30 57 87 46 24 20 12 52 12 24 49 0 54 41 13 14 78 62 6 48 34 46 71 81 72 64 53 91 
75 6 61 80 44 51 41 55 57 50 33 99 97 6 42 79 39 6 97 3 75 39 28 9 60 0 22 71 21 98 76 38 82 81 22 27 36 32 90 86 63 
87 1 83 54 32 51 94 92 23 26 78 16 53 45 44 29 55 85 79 52 17 72 92 10 77 22 0 63 3 46 45 5 69 13 61 80 77 78 45 1 87 
47 75 47 48 15 88 2 91 5 40 83 61 4 94 79 6 43 10 31 49 53 75 69 86 61 83 98 0 24 66 66 75 27 77 48 48 93 14 5 4 25 
80 67 65 2 74 50 48 8 23 62 9 80 78 51 77 25 84 81 96 72 46 36 69 13 74 49 27 87 0 82 73 87 71 22 79 47 6 45 25 95 14 
4 19 58 87 96 97 6 27 25 66 97 53 76 26 36 65 53 29 95 47 34 63 92 11 83 99 11 41 16 0 90 43 40 38 14 93 14 41 42 23 28 
79 1 57 6 83 21 89 71 56 57 38 85 54 11 75 10 89 98 50 30 43 56 19 33 94 80 98 14 24 67 0 24 38 48 30 78 99 80 59 56 95 
67 3 89 84 58 2 23 39 31 14 67 14 22 32 2 49 74 79 91 25 14 33 33 62 59 85 13 72 56 74 34 0 41 73 89 99 92 64 10 23 23 
40 96 54 22 75 20 38 71 97 76 18 74 43 3 68 71 97 22 64 33 99 95 44 29 30 24 33 36 45 97 5 81 0 30 96 45 28 13 11 27 42 
5 75 47 35 77 58 58 5 96 91 15 75 76 50 9 36 23 12 48 31 7 28 24 9 86 89 18 5 69 96 12 74 30 0 44 95 56 36 12 38 57 
41 19 85 48 70 36 98 99 32 40 80 52 89 73 34 48 9 64 14 10 97 54 36 64 5 39 68 22 45 68 17 6 81 93 0 62 54 48 22 50 72 
57 52 77 90 34 46 97 1 66 38 51 32 67 86 83 4 23 73 78 65 50 23 46 37 1 81 67 14 4 59 24 15 22 22 53 0 42 1 75 89 47 
31 7 2 15 33 72 31 32 52 51 6 55 31 23 69 44 21 83 96 86 56 51 94 11 81 38 12 67 33 60 96 55 44 53 43 6 0 94 97 95 40 
7 2 77 79 97 69 53 32 87 1 68 18 72 5 98 82 58 49 43 43 56 57 34 10 37 58 62 33 3 54 95 8 16 99 74 28 69 0 84 81 54 
84 74 46 41 37 61 37 84 86 17 88 17 53 77 86 59 34 15 84 40 36 19 47 75 23 23 23 95 59 5 63 74 60 77 2 48 85 55 0 23 32 
44 99 10 95 42 64 62 1 8 51 4 27 60 72 51 23 47 91 57 72 65 13 6 48 73 71 87 41 17 20 4 19 75 77 56 1 4 8 29 0 87 
21 80 56 14 72 65 4 37 25 6 53 54 13 67 77 85 76 46 76 49 98 20 97 20 88 48 64 46 56 88 10 8 33 38 87 85 78 19 39 55 0 
