10 2
3 2
0 48 95 33 33 92 11 36 52 4 49 46 51 45 11 38 82 53 67 23 21 
94 0 29 95 59 15 55 18 65 24 39 20 97 8 73 3 83 91 67 87 29 
44 94 0 63 63 36 57 55 11 18 91 24 90 51 24 84 68 22 90 77 4 
4 54 60 0 60 54 32 79 2 59 63 30 13 3 60 36 66 99 69 95 37 
15 29 24 43 0 12 55 35 56 98 43 46 70 17 82 3 78 48 64 56 2 
10 3 33 27 32 0 61 80 24 99 42 70 18 48 13 6 77 38 12 80 94 
34 99 66 21 31 30 0 40 1 18 91 84 47 55 26 45 22 54 6 17 85 
85 25 90 30 69 32 98 0 1 46 27 85 1 71 78 48 20 82 7 34 84 
78 64 82 48 87 48 39 33 0 35 11 30 24 97 62 10 39 94 92 26 94 
8 50 97 75 14 1 98 57 51 0 1 69 41 64 99 55 88 44 22 29 22 
50 9 76 34 3 86 19 61 51 94 0 10 69 24 87 47 71 87 49 57 61 
56 15 83 77 27 43 40 27 31 5 18 0 31 91 47 19 71 22 50 16 95 
72 89 28 2 58 14 39 83 12 11 44 66 0 1 73 15 99 74 98 87 83 
57 26 33 39 61 98 51 29 57 26 35 75 35 0 68 85 52 11 75 46 19 
54 58 33 33 41 1 97 78 78 19 87 96 38 94 0 21 93 5 11 24 8 
82 93 47 87 88 15 9 98 8 52 92 51 33 17 8 0 90 80 80 32 92 
21 34 36 95 57 70 97 90 42 34 77 7 32 2 7 70 0 33 46 2 43 
96 10 21 51 6 33 57 23 29 18 29 6 19 42 82 82 87 0 42 32 51 
67 91 64 45 78 80 70 51 38 20 68 37 97 5 90 49 90 66 0 2 28 
38 10 85 93 53 10 43 91 66 54 39 98 59 32 83 1 58 12 80 0 3 
37 21 21 26 86 23 70 91 47 40 29 30 24 95 13 44 31 52 74 31 0 
