8 1
3
0 51 67 42 91 90 16 83 78 51 46 87 31 24 66 5 77 
74 0 83 44 14 51 77 18 87 68 85 88 2 82 32 99 93 
27 77 0 29 71 31 81 37 13 8 60 82 27 96 21 34 81 
33 31 66 0 31 62 82 69 5 96 48 78 56 67 84 40 54 
75 84 82 84 0 85 1 35 74 47 54 5 27 89 3 84 39 
68 86 76 20 78 0 49 15 67 39 16 83 93 66 9 32 88 
22 64 29 48 16 55 0 89 70 8 8 71 99 67 3 74 50 
9 59 37 47 37 98 73 0 11 52 73 61 67 24 26 70 82 
64 69 25 34 84 93 55 54 0 75 95 54 13 55 91 80 64 
71 53 26 71 80 18 62 42 68 0 20 25 44 82 9 2 22 
31 41 14 78 21 42 43 64 9 37 0 29 29 26 42 67 35 
52 4 25 23 97 87 22 84 17 15 56 0 58 9 59 42 99 
72 71 58 7 85 1 27 7 50 35 69 23 0 98 30 82 90 
57 69 11 97 52 86 80 54 36 3 39 87 70 0 33 90 77 
70 42 98 84 97 51 65 53 93 41 44 6 36 41 0 48 48 
89 80 66 64 58 23 76 88 32 24 37 2 11 98 72 0 94 
45 45 36 41 30 33 1 62 35 76 22 59 44 62 32 45 0 
