0 79 96 43 30 43 98 47 34 28 65 96 81 41 50 66 98 42 72 13 22 83 32 52 92 19 62 64 25 38 92 65 80 59 87 72 43 77 31 1 5 82 27 33 6 56 16 46 21 85 20 2 63 56 7 99 13 26 94 98 45 5 3 19 29 16 13 36 25 98 58 95 11 57 18 73 6 21 37 16 89 57 59 88 70 36 36 71 72 92 77 8 93 51 35 67 39 75 34 83 43 98 85 97 22 20 28 32 16 45 79 37 2 36 46 31 79 25 74 15 82 31 34 90 81 77 66 52 20 38 2 26 14 63 8 24 83 13 20 73 72 86 93 4 49 97 26 68 44 49 10 98 81 61 94 77 20 6 18 88 63 
5 0 73 45 90 97 18 14 21 40 76 50 75 2 37 54 12 51 11 66 87 73 97 26 39 88 94 88 27 61 38 13 62 49 79 74 53 52 54 90 57 87 67 80 74 87 32 70 84 95 88 43 38 29 71 45 44 4 45 55 88 36 10 54 94 6 58 39 73 13 34 68 80 33 33 18 54 93 80 98 20 75 61 83 25 5 8 76 45 1 58 70 94 10 95 72 84 12 51 21 50 11 44 42 43 48 54 27 93 42 44 19 14 78 59 4 62 52 98 53 32 95 44 65 70 36 17 7 10 51 96 63 16 55 29 79 95 70 85 6 84 84 72 46 78 36 26 18 2 42 20 43 46 55 5 66 43 71 10 18 62 
92 31 0 13 2 34 86 49 27 34 94 23 98 83 66 72 18 99 29 85 6 98 12 83 56 4 65 15 92 42 70 96 77 33 71 17 37 13 3 24 29 3 76 49 97 76 20 26 83 56 7 10 67 35 12 73 68 24 43 65 30 62 28 74 71 61 24 23 34 7 70 65 50 37 56 93 76 58 93 32 90 99 5 82 71 15 85 39 4 88 61 88 81 33 84 16 34 50 49 36 23 3 11 28 37 13 10 18 46 9 31 67 54 92 1 63 53 88 89 53 56 30 22 25 13 70 18 60 34 88 23 58 49 19 78 1 96 14 20 23 1 84 84 53 84 94 72 40 44 13 21 53 15 57 93 8 7 65 81 86 16 
53 75 43 0 3 88 19 88 12 93 86 80 41 20 47 72 16 92 64 96 52 48 85 94 75 65 44 7 16 80 70 40 40 49 47 50 48 6 84 14 1 99 7 79 35 72 25 52 65 40 36 11 71 80 39 52 58 41 92 60 26 77 34 11 76 81 1 22 15 62 63 57 10 39 66 96 82 60 39 94 15 24 71 44 72 3 77 49 63 75 26 28 88 67 69 62 45 83 89 27 91 35 92 60 48 32 15 48 33 61 85 74 41 97 63 31 9 29 19 11 24 74 28 61 86 82 51 1 47 88 27 12 88 61 94 30 14 36 83 56 81 4 97 80 18 97 74 79 72 85 16 3 18 40 72 23 19 99 58 26 87 
54 58 30 51 0 87 15 99 2 78 27 25 35 13 72 44 1 53 39 44 45 31 26 3 59 34 68 45 54 58 51 53 87 54 40 94 21 53 9 67 32 49 63 6 50 90 34 50 79 28 16 97 32 67 58 45 41 26 83 57 94 55 70 79 87 92 87 72 3 20 25 66 21 60 60 38 83 98 17 59 4 91 81 77 42 89 15 50 10 73 26 77 42 71 39 45 59 90 85 36 21 99 15 42 92 39 29 19 35 16 61 47 93 11 94 91 11 64 88 69 62 36 91 42 66 8 76 30 72 99 99 40 37 67 88 89 36 5 85 73 49 30 28 19 77 26 94 96 92 52 39 5 23 33 72 68 63 37 31 99 41 
5 78 18 45 21 0 95 67 33 56 68 19 8 37 13 44 38 50 8 25 84 93 16 52 63 20 13 56 76 4 17 1 18 31 97 55 37 5 13 96 87 46 63 79 38 77 6 78 6 77 58 18 3 32 18 72 42 80 39 74 50 57 50 96 56 70 50 66 5 56 29 35 37 51 25 17 40 17 49 3 31 10 20 53 32 98 66 84 40 30 9 55 22 77 79 37 98 47 34 4 17 23 65 65 59 34 38 4 7 28 22 22 27 77 75 31 45 41 73 35 55 30 45 9 99 61 40 76 46 70 33 28 85 37 43 43 79 64 44 57 11 43 86 73 67 48 52 28 71 51 89 51 6 1 75 8 96 7 32 8 18 
6 10 43 3 11 99 0 40 62 24 90 38 94 24 20 57 32 3 97 94 82 37 59 67 6 83 35 33 63 3 37 76 29 79 87 93 63 16 25 85 85 93 27 43 1 48 85 63 41 53 3 16 91 34 41 48 52 67 23 81 13 22 7 39 64 97 43 24 32 90 41 19 96 39 22 20 44 47 37 63 15 23 17 63 81 81 60 60 11 96 54 14 67 61 33 70 91 38 70 36 97 59 23 28 87 27 64 50 31 15 61 59 52 92 2 25 10 27 97 98 33 47 30 96 52 69 55 1 9 84 55 30 62 57 57 66 53 2 26 12 52 90 54 52 47 19 41 89 38 58 93 99 58 2 49 98 36 93 23 97 58 
30 97 98 11 71 25 83 0 57 55 2 24 38 49 76 69 39 52 94 8 15 75 56 65 5 2 25 42 20 8 2 36 66 5 9 27 49 2 38 75 43 80 39 63 96 77 6 67 53 79 10 85 54 19 82 34 46 99 45 10 25 69 11 3 20 86 43 74 82 86 37 61 21 85 84 66 45 80 68 67 59 55 62 68 47 62 8 77 78 87 56 4 74 5 39 86 29 8 7 66 99 40 55 77 14 5 17 41 31 19 85 44 78 88 81 87 53 56 7 56 19 87 88 25 63 37 96 69 57 99 80 87 84 1 20 29 81 66 84 81 87 81 10 67 73 78 68 42 48 95 27 24 12 69 83 32 34 94 58 79 71 
58 19 17 7 60 28 73 58 0 53 22 99 31 58 16 19 71 36 85 14 27 32 24 52 78 70 7 38 68 79 63 96 59 23 70 48 81 54 84 58 18 84 39 39 3 32 52 69 71 16 32 5 38 53 25 40 12 7 80 80 65 51 19 12 52 82 93 12 93 25 98 80 19 18 67 75 64 2 34 21 2 27 15 47 38 61 87 73 91 2 23 75 35 29 98 20 19 85 72 98 40 20 36 26 13 22 16 35 5 19 87 16 66 5 81 10 41 95 39 99 24 38 25 31 68 53 66 3 29 44 64 35 59 35 40 4 82 79 99 67 6 57 32 45 42 47 42 4 36 25 72 11 63 2 4 37 1 28 40 35 96 
40 25 27 88 87 87 33 18 63 0 16 10 41 72 90 95 22 30 79 15 57 56 63 5 56 30 17 66 80 21 93 62 34 17 15 55 74 23 39 62 11 70 61 90 57 71 57 76 29 90 62 73 35 45 7 51 16 78 37 67 30 99 87 93 83 95 92 31 70 30 7 70 75 85 97 82 26 89 88 32 86 4 31 97 31 50 53 90 25 32 20 47 57 90 69 50 93 76 33 14 63 51 33 22 98 20 96 57 8 74 30 15 75 94 22 88 18 35 9 78 73 28 37 66 88 36 87 48 39 23 86 28 79 91 89 49 38 18 48 79 91 84 67 97 18 20 33 7 21 41 57 77 1 85 92 16 50 34 11 8 59 
76 28 15 57 32 35 19 96 90 11 0 18 18 61 86 43 50 15 97 58 30 65 35 53 62 26 64 60 25 84 37 87 87 90 69 23 87 87 14 80 41 27 12 16 87 94 1 66 53 6 90 74 85 81 95 28 58 22 62 13 88 21 25 83 7 57 58 8 74 90 41 6 8 29 94 83 2 35 56 73 36 4 99 95 83 32 96 2 19 94 32 35 6 32 8 1 47 8 88 86 96 42 8 39 26 19 15 23 90 72 65 83 89 35 98 8 88 72 78 53 20 39 69 70 65 87 58 13 77 3 24 70 65 64 49 22 82 27 27 1 32 1 14 81 48 5 16 11 62 38 19 59 45 86 99 35 20 73 82 40 38 
61 24 90 42 91 44 36 20 4 34 93 0 24 50 76 69 52 30 51 24 25 50 42 38 98 36 96 40 30 44 51 27 26 14 53 23 37 47 21 58 58 95 87 2 86 18 17 45 21 4 13 34 61 25 99 85 64 56 50 72 91 90 76 92 1 66 4 50 41 62 23 82 49 11 93 19 13 94 36 72 59 86 59 96 37 71 23 76 17 79 64 43 95 97 48 32 38 57 24 59 27 70 75 38 39 16 8 86 41 28 23 78 56 18 66 12 66 91 10 34 11 58 93 91 43 8 11 57 58 15 1 58 75 80 35 42 68 5 42 13 74 50 34 46 85 32 9 19 33 47 15 37 79 35 86 36 52 18 12 39 32 
24 28 16 56 3 53 35 57 9 19 51 82 0 91 6 60 71 16 3 4 13 31 52 34 61 18 57 52 88 45 32 2 64 57 18 73 47 78 17 9 61 27 14 4 77 18 7 7 14 19 39 67 6 68 41 61 22 32 93 28 74 74 46 20 70 62 37 20 24 42 58 4 81 99 89 76 61 90 92 4 67 73 58 35 39 24 89 37 8 5 17 47 49 54 95 30 24 23 78 17 29 70 65 94 87 88 17 16 88 59 12 16 37 66 24 48 66 27 1 68 36 22 88 68 38 17 95 24 82 20 55 72 70 29 90 80 85 76 49 26 80 5 2 9 17 24 13 98 31 97 89 18 11 94 8 47 94 92 28 36 81 
84 70 42 38 29 74 41 28 28 30 53 83 44 0 94 29 42 76 78 6 3 95 74 19 11 27 93 47 49 89 33 10 96 38 22 45 2 10 77 95 47 2 30 42 98 7 39 49 60 36 85 80 97 50 10 50 67 74 16 20 89 13 20 27 44 27 1 48 89 21 50 43 58 99 56 71 73 4 8 54 19 48 9 99 98 57 82 17 73 38 42 13 49 80 96 64 57 34 59 15 13 7 49 51 27 9 80 98 9 90 30 32 68 73 43 17 64 37 31 30 23 4 51 47 97 59 70 89 79 40 41 77 7 64 89 25 2 84 48 20 24 6 18 99 70 46 1 14 35 78 26 38 46 95 74 13 34 78 68 85 14 
50 77 1 22 76 99 62 35 71 35 96 64 7 82 0 96 62 67 51 28 19 8 87 40 20 11 18 78 84 43 67 50 19 89 4 49 64 45 45 71 47 98 18 25 10 1 80 41 59 82 56 40 57 99 6 70 59 86 13 63 1 48 57 99 55 29 13 23 96 3 53 49 25 56 16 92 23 16 83 81 27 87 61 17 51 13 8 79 34 31 40 98 94 11 96 10 43 46 46 32 68 72 42 57 3 96 77 79 68 9 61 53 78 14 33 93 99 89 63 37 79 97 98 84 88 19 42 42 79 59 51 85 58 11 26 63 41 19 61 34 52 83 53 64 76 92 51 72 66 99 7 48 41 57 3 70 94 82 23 64 8 
82 32 64 15 56 84 80 47 29 29 59 57 76 13 42 0 70 60 20 35 83 18 13 35 65 5 58 28 16 49 82 85 24 44 60 17 26 46 96 1 48 51 68 61 56 88 22 24 67 64 93 31 87 44 36 98 92 75 88 70 52 79 6 88 42 83 14 21 64 52 50 34 32 16 79 89 97 95 76 40 95 52 28 73 67 52 64 98 37 28 82 1 48 83 76 92 23 88 65 77 3 94 57 37 23 39 47 62 18 46 46 93 29 90 2 38 23 2 91 35 62 2 83 28 9 5 35 50 76 86 52 89 22 8 96 78 23 19 57 36 68 33 20 51 53 74 7 19 50 24 25 92 25 51 44 56 3 10 47 11 31 
76 94 47 10 98 35 69 78 66 2 87 91 75 90 54 63 0 10 11 73 56 6 15 18 41 87 35 32 23 73 17 19 15 41 20 95 96 16 94 97 86 87 66 14 43 40 33 8 79 36 84 37 69 35 20 30 63 53 60 33 6 74 70 73 42 85 50 34 40 7 45 76 90 24 94 68 91 32 32 38 72 52 79 45 46 39 77 18 83 86 63 91 67 23 94 51 34 12 98 77 59 12 44 11 19 79 84 51 53 45 8 85 22 40 50 33 25 1 43 78 24 24 66 79 15 80 50 19 32 64 77 32 98 33 23 35 95 6 30 26 51 97 83 49 15 99 32 81 16 88 14 95 52 16 26 46 14 64 32 33 89 
62 77 12 50 80 75 62 55 57 34 12 91 3 92 51 75 95 0 43 47 30 22 70 23 57 59 86 94 70 11 16 19 93 60 45 62 4 26 65 39 26 20 1 61 93 97 27 8 40 54 52 57 66 81 38 7 53 5 42 53 9 60 52 20 69 81 96 38 11 59 26 11 64 80 2 36 87 92 45 9 13 2 5 10 75 59 20 17 81 33 86 99 2 67 51 10 10 76 95 5 7 59 77 37 86 18 55 83 39 36 8 54 65 91 92 26 98 8 46 76 73 70 11 38 83 38 40 52 21 98 91 11 68 77 95 10 49 99 86 81 85 61 3 29 46 5 27 37 52 80 61 14 45 83 76 39 8 13 83 28 10 
19 10 88 11 52 50 3 39 50 53 85 53 15 25 33 46 31 28 0 76 98 46 55 72 90 91 27 70 87 54 92 41 92 81 32 91 78 77 59 6 40 37 83 83 99 29 55 8 1 68 21 11 65 35 35 85 60 78 64 65 44 75 27 66 71 6 82 87 26 14 44 57 39 86 44 60 5 87 14 5 61 2 24 59 43 33 89 76 14 68 57 13 3 25 88 23 57 63 61 68 35 99 97 23 82 61 62 72 67 76 2 27 98 25 80 3 30 71 84 10 28 84 29 99 85 32 9 55 29 84 13 71 66 88 5 39 22 2 31 64 34 70 96 76 74 54 54 82 13 53 63 14 68 12 44 1 83 39 56 54 12 
72 6 53 41 80 24 37 5 69 75 74 29 69 50 9 13 75 28 83 0 8 18 14 27 4 12 34 80 37 16 47 68 42 38 78 74 15 85 82 74 10 84 90 72 76 18 30 5 44 11 52 57 75 81 63 75 96 84 73 10 64 99 46 73 27 85 57 5 34 75 22 86 98 39 21 3 67 67 85 9 22 41 30 81 74 3 94 41 16 95 50 25 98 19 1 88 93 1 9 76 66 35 9 17 94 54 29 15 26 42 14 95 68 31 51 2 78 63 42 30 27 18 90 79 77 7 22 50 3 13 50 47 47 48 92 72 19 47 86 60 35 5 13 16 26 80 59 30 63 37 93 96 90 84 52 47 2 90 88 94 68 
65 24 60 77 94 5 65 91 1 99 60 37 80 77 88 66 81 22 39 84 0 33 20 19 48 68 93 76 86 43 72 16 78 44 2 73 33 75 67 69 90 32 98 97 55 79 65 97 15 10 16 44 9 62 75 92 7 44 49 23 71 37 25 45 26 84 31 42 71 21 97 51 67 1 19 48 17 45 74 52 74 13 9 87 12 64 75 60 59 41 30 8 63 15 79 85 79 66 8 33 31 29 74 59 16 48 50 11 78 60 36 77 31 13 29 74 39 30 28 3 54 19 38 2 43 64 62 76 2 28 30 25 36 91 82 34 50 80 46 30 63 61 90 94 95 93 8 2 22 7 57 61 56 79 8 44 20 99 82 64 2 
23 14 78 58 48 58 54 81 74 52 57 60 22 21 4 86 63 58 14 56 64 0 93 21 99 55 6 41 9 17 40 60 71 19 25 50 8 90 3 53 64 25 47 88 13 79 64 73 13 75 21 76 38 39 31 94 5 54 76 47 43 89 5 49 62 80 16 86 97 47 32 75 1 55 57 74 60 62 22 10 7 2 96 3 23 90 62 54 47 41 11 3 98 21 40 75 53 18 84 31 83 78 30 19 18 3 57 1 7 63 56 99 88 70 26 62 64 68 50 62 96 74 14 14 99 28 18 48 32 65 91 54 8 27 88 59 53 48 65 44 89 92 31 10 65 60 74 10 46 95 19 32 45 79 75 96 69 31 72 64 86 
53 63 49 44 88 20 16 21 25 15 47 46 79 29 16 33 55 33 30 95 32 23 0 51 63 37 82 70 87 49 24 97 78 54 43 95 69 36 55 6 40 41 33 57 77 60 50 4 3 64 57 53 20 87 70 66 32 60 6 89 50 90 47 61 10 64 23 82 2 5 26 18 82 94 13 5 77 91 86 5 27 15 28 39 69 44 33 75 75 74 11 72 38 56 40 2 5 3 18 15 14 53 99 59 15 48 17 79 86 63 69 32 21 75 50 78 66 44 90 29 19 97 46 89 81 54 88 76 43 39 51 10 2 24 76 38 93 8 14 57 53 20 15 59 15 29 77 30 86 36 5 88 50 66 7 39 90 23 68 4 65 
80 60 99 12 68 31 26 31 17 73 86 40 53 91 81 26 23 73 7 31 12 33 7 0 93 45 6 81 24 30 25 35 87 11 49 23 96 10 68 16 39 96 91 57 82 96 18 79 30 58 8 5 69 95 51 56 96 91 74 92 31 3 54 33 50 37 13 13 49 21 4 24 36 84 81 55 52 97 74 80 81 80 95 22 51 33 7 55 6 2 81 59 87 78 42 13 45 39 2 18 27 77 99 6 64 29 25 23 40 73 5 41 91 63 78 59 72 13 40 65 21 41 47 47 68 40 18 4 22 45 30 48 89 20 14 29 90 96 92 13 90 29 51 68 62 57 88 46 32 20 48 45 6 4 91 67 90 21 6 12 94 
51 7 56 58 82 68 54 30 84 14 69 42 14 9 70 95 44 52 36 18 84 97 1 39 0 27 14 20 23 78 91 25 9 68 43 92 81 53 74 20 35 17 81 12 51 86 11 36 87 17 39 22 91 92 32 90 73 83 77 28 18 15 84 83 11 59 93 89 52 28 63 60 25 14 94 37 71 16 18 34 51 45 92 42 11 26 32 9 44 91 12 58 28 29 13 37 14 44 75 81 25 27 28 10 44 32 43 25 4 49 23 49 45 10 60 86 88 46 65 88 13 58 63 65 79 90 3 41 61 17 55 29 28 76 48 1 94 68 10 25 35 26 12 36 52 81 88 64 62 95 80 8 81 59 28 38 27 79 20 57 38 
82 30 75 55 17 24 24 77 54 37 95 66 1 5 76 86 96 53 81 65 95 28 65 25 3 0 71 75 8 47 81 81 69 67 95 35 61 14 79 88 55 13 92 4 91 9 19 31 34 16 78 20 79 44 77 38 97 3 79 80 93 99 61 15 79 8 15 10 25 29 54 58 11 99 26 46 9 38 17 34 15 20 50 28 21 34 97 1 21 88 72 36 47 22 60 51 75 81 17 99 6 6 48 35 28 80 69 81 2 82 45 9 94 78 66 54 20 68 59 33 72 63 53 66 48 83 56 3 49 66 91 63 78 39 13 13 60 64 19 70 35 65 43 14 56 12 64 15 38 56 56 21 28 97 89 84 72 82 6 2 75 
3 87 18 67 78 60 22 46 63 70 28 54 31 54 34 41 25 80 26 46 83 10 36 36 19 25 0 96 51 65 93 91 48 47 75 67 93 57 77 38 65 74 60 87 56 11 60 64 89 90 88 82 50 4 5 62 78 1 2 62 91 90 46 74 29 3 24 36 88 54 16 13 89 24 36 3 4 46 83 96 41 88 71 7 68 3 84 14 48 85 79 20 35 82 83 96 10 45 75 10 14 34 32 3 64 99 60 15 38 6 57 82 53 76 95 44 67 48 78 1 3 53 30 46 94 12 12 93 35 12 74 38 12 52 49 65 62 79 64 1 7 62 88 93 95 86 52 36 91 26 2 24 64 61 42 52 66 49 98 77 87 
73 83 54 65 99 8 2 40 12 45 35 43 3 23 56 92 30 62 68 1 60 47 59 68 14 37 35 0 66 28 40 3 80 53 65 46 15 98 18 72 57 78 31 40 91 91 68 11 6 91 49 97 79 55 91 77 54 60 71 50 52 35 97 11 16 26 33 78 50 1 92 9 78 6 61 6 60 46 90 72 1 28 78 24 43 83 35 10 59 42 72 69 21 82 55 1 71 73 3 62 95 34 75 54 10 8 55 16 54 9 42 59 15 13 18 56 96 97 77 90 22 31 37 85 27 34 27 55 77 78 62 80 94 5 75 34 31 64 96 32 11 30 38 98 50 52 10 96 64 42 15 72 44 24 49 11 29 8 35 29 1 
42 60 73 22 19 88 87 68 49 54 29 54 18 46 38 22 53 46 73 39 5 81 39 73 62 32 28 10 0 37 82 9 96 81 19 46 32 80 68 28 31 28 55 58 71 87 39 21 92 23 79 16 95 39 28 3 63 51 41 32 91 14 28 58 5 34 63 16 56 14 27 53 90 38 60 89 69 1 98 7 16 56 44 44 36 36 63 21 27 88 69 16 23 8 30 84 83 82 24 50 62 46 68 26 35 21 68 35 61 21 37 57 54 17 13 82 82 50 38 74 87 54 27 24 76 67 77 70 55 92 65 66 34 22 31 99 97 59 99 18 29 97 29 86 9 83 12 52 81 62 5 92 46 30 50 37 4 45 92 62 16 
15 76 53 43 33 55 16 35 53 62 64 62 95 97 71 30 29 15 88 48 4 16 99 26 38 95 96 29 58 0 56 8 58 18 92 82 9 64 25 23 27 45 53 94 74 34 24 86 76 87 57 77 87 47 95 18 34 81 12 38 11 85 68 52 57 44 55 12 64 57 33 30 94 83 78 48 40 4 17 21 64 34 95 32 97 31 60 1 66 2 33 3 3 77 79 41 42 35 55 67 15 50 97 87 81 13 67 50 36 56 85 54 70 24 22 18 40 77 11 73 79 51 6 64 42 93 64 32 11 8 95 16 74 85 79 34 58 95 48 87 34 33 27 37 33 43 44 78 38 51 24 18 37 87 39 66 30 43 93 16 28 
46 83 90 8 76 76 24 60 24 60 1 25 56 2 64 26 16 80 16 22 35 56 89 12 72 21 49 14 75 80 0 38 45 54 59 51 16 99 90 14 98 9 35 99 21 24 97 52 18 27 25 61 62 86 43 20 11 90 27 57 28 9 61 66 37 63 50 80 4 89 17 70 8 21 20 46 34 97 9 81 60 72 65 1 27 98 20 53 41 45 89 87 58 27 16 13 78 71 41 43 33 84 22 59 37 26 31 26 31 74 32 26 79 2 98 84 67 88 42 30 13 31 25 60 62 12 28 23 26 59 50 80 62 29 83 43 10 58 13 45 33 23 65 19 13 2 13 9 66 46 72 48 70 83 94 96 31 40 79 26 86 
32 27 94 36 12 5 22 37 71 81 8 26 60 18 18 60 83 23 61 89 22 28 19 1 88 90 85 43 18 82 74 0 8 88 83 92 3 21 94 63 22 46 56 88 81 43 48 95 71 66 95 44 62 27 25 39 68 87 36 44 78 15 12 46 89 88 43 49 48 96 77 91 88 45 55 47 34 6 58 65 42 15 58 66 42 16 89 28 10 60 67 69 38 6 31 9 50 69 46 47 13 9 51 97 69 21 85 55 25 24 88 36 81 63 67 54 13 51 21 94 19 40 19 18 66 49 66 53 23 38 60 35 44 57 80 66 15 44 2 67 48 1 46 68 74 67 76 81 4 28 81 88 54 49 98 76 15 11 54 53 12 
47 89 29 44 24 30 64 99 18 21 47 39 81 95 82 8 96 74 53 43 18 41 91 48 55 86 83 42 70 2 47 15 0 49 98 46 94 52 1 37 9 71 42 7 22 28 41 32 36 11 36 88 8 57 11 13 62 97 54 58 93 29 23 49 88 9 35 17 32 30 18 97 42 29 78 40 84 78 99 94 25 94 99 71 98 50 46 19 30 24 71 65 11 38 35 25 38 88 79 5 54 1 43 32 36 35 4 25 59 11 29 41 30 1 17 45 85 68 35 69 67 58 54 65 52 98 81 82 46 83 36 71 15 28 29 30 35 10 73 79 25 19 36 26 36 31 99 83 21 16 99 63 49 7 98 61 67 23 27 69 90 
26 61 87 53 49 42 5 4 33 77 71 85 32 18 35 29 14 3 87 92 39 34 90 38 71 53 73 76 15 20 40 30 17 0 32 43 11 99 71 7 85 11 9 45 57 27 53 90 35 37 51 50 74 20 41 82 73 86 68 39 1 95 87 68 20 64 50 41 96 67 27 69 56 23 49 93 63 9 79 64 10 42 37 40 11 30 92 25 60 68 5 97 17 14 17 98 18 31 26 75 87 13 70 23 72 93 77 32 40 53 32 22 60 98 58 50 83 2 69 53 52 21 87 68 43 41 71 64 41 79 59 66 43 85 26 65 20 79 6 72 20 61 48 48 87 58 47 99 20 1 72 52 52 69 44 42 23 41 96 31 55 
99 48 5 55 9 90 76 42 9 67 60 18 11 87 83 68 22 30 35 34 43 30 86 81 76 99 4 9 22 87 56 14 45 61 0 2 2 27 39 17 72 59 58 79 25 89 21 15 95 41 26 47 23 13 12 52 63 31 10 48 36 57 98 45 24 64 37 79 84 59 71 89 64 50 75 59 10 34 87 72 42 76 23 29 17 2 91 90 95 15 77 66 60 43 44 37 3 87 83 1 66 20 88 14 29 92 21 19 24 14 2 42 7 13 53 4 78 75 77 54 3 94 87 54 51 91 73 74 14 38 96 43 29 63 10 23 76 9 33 40 35 99 15 72 79 60 49 18 21 90 34 15 36 54 90 5 85 96 43 96 78 
86 5 38 61 87 52 73 86 33 60 52 31 43 21 50 45 59 27 22 24 93 26 69 46 88 4 35 41 82 10 18 40 30 46 89 0 97 5 5 26 36 40 40 60 38 61 84 95 4 7 19 76 61 29 41 69 79 82 59 11 32 11 55 19 9 21 91 61 74 68 23 86 6 57 34 71 13 82 3 49 8 91 9 80 82 38 6 77 8 79 90 16 73 70 8 43 4 94 51 22 24 82 87 47 94 10 36 49 54 22 33 99 36 23 47 25 37 18 10 86 43 76 64 39 58 51 63 41 31 49 33 66 9 23 12 71 65 24 29 79 62 71 47 61 74 55 76 26 74 76 22 30 25 8 98 45 4 45 76 88 3 
78 17 7 95 49 71 5 3 65 65 50 58 21 42 68 49 32 10 91 74 56 4 79 15 59 85 85 46 78 30 1 87 36 54 37 54 0 90 22 91 8 81 52 9 28 73 10 17 22 80 46 12 15 58 83 13 96 78 70 78 8 9 21 36 5 74 83 81 80 49 90 41 5 57 28 69 13 10 15 9 14 20 25 49 63 29 18 97 65 82 94 39 83 70 37 44 59 98 64 32 59 23 22 22 29 72 18 88 49 70 13 23 81 57 25 54 74 58 84 29 8 7 2 8 39 58 74 22 79 65 24 4 73 19 17 23 90 44 24 97 46 33 74 72 52 59 59 66 26 25 85 48 26 76 85 20 49 22 87 19 16 
77 85 38 77 32 72 87 31 62 15 65 71 53 18 1 17 40 52 82 34 87 90 54 99 14 55 53 43 67 42 18 49 33 10 83 21 52 0 56 37 90 68 49 73 49 19 3 98 18 40 5 22 86 65 27 25 98 50 22 85 26 13 19 93 72 20 95 92 76 20 57 31 65 85 9 46 2 39 8 1 88 75 73 97 44 41 4 56 71 53 17 43 10 44 44 89 67 33 56 51 62 76 56 49 30 58 50 33 94 50 25 29 97 19 77 1 89 78 70 42 60 73 48 44 82 8 45 31 96 65 52 32 83 65 66 57 11 35 78 84 71 29 83 92 16 52 22 38 41 77 41 20 17 54 30 91 22 40 15 67 62 
94 41 99 95 64 92 45 55 87 41 2 58 62 60 26 76 15 54 96 75 88 68 3 7 91 27 98 21 97 53 56 52 10 9 6 5 65 42 0 35 22 35 26 74 80 94 78 99 20 83 9 21 26 82 86 8 98 11 38 80 22 79 93 32 56 96 38 46 76 45 57 70 79 27 6 95 27 42 10 98 20 35 4 55 61 12 36 79 60 43 43 32 75 10 89 30 97 81 1 43 5 70 51 92 45 19 50 31 25 66 68 95 85 87 82 80 92 62 31 95 76 65 24 93 76 60 70 54 97 16 46 80 80 39 82 62 48 38 60 33 87 46 10 74 44 99 30 81 6 86 49 61 59 52 17 55 81 50 30 93 27 
34 46 13 97 22 93 48 53 91 44 30 36 10 88 39 1 80 47 56 14 88 58 4 37 49 94 53 3 25 88 9 75 70 66 77 10 79 83 8 0 65 18 71 15 13 7 89 29 16 91 76 88 13 82 13 61 66 48 50 98 43 22 97 54 83 38 64 63 34 63 83 96 82 48 61 49 10 45 99 71 99 1 64 54 77 76 73 64 72 17 27 36 85 34 24 20 8 23 42 58 11 90 48 64 61 76 65 95 31 34 24 62 82 73 45 62 19 73 63 13 47 95 46 12 17 87 65 88 39 64 81 44 52 71 36 91 46 33 33 90 77 11 14 78 53 26 83 57 19 91 82 31 26 13 93 10 75 97 11 24 82 
20 34 77 39 3 75 39 55 87 54 97 11 66 66 59 53 97 37 55 60 64 30 70 86 82 17 85 72 25 87 25 74 98 33 24 50 64 30 16 27 0 54 50 92 57 14 72 2 64 29 10 22 76 37 74 83 2 15 64 22 48 27 14 5 12 5 2 36 95 57 34 87 53 75 14 63 30 95 46 57 34 31 82 96 13 29 42 80 71 62 97 10 85 75 76 31 18 26 18 58 72 75 83 16 83 68 2 38 45 66 23 26 92 97 89 18 63 62 42 12 34 64 42 51 67 12 7 84 81 17 79 4 67 54 25 88 59 41 42 36 22 56 17 92 76 43 21 90 89 10 69 7 58 80 36 5 25 6 62 58 35 
82 67 1 6 74 60 74 8 38 64 37 29 46 18 3 78 59 28 59 56 75 58 78 51 2 40 17 98 80 3 86 42 89 77 67 40 10 73 79 37 81 0 72 40 50 52 51 45 30 28 32 30 52 62 12 92 81 89 71 2 38 49 77 58 57 73 27 20 20 27 37 9 36 87 15 27 63 54 3 41 93 77 86 79 90 52 95 7 98 50 56 6 97 73 20 25 7 20 69 55 33 65 95 67 94 17 1 64 16 39 29 80 28 13 93 10 2 95 55 52 59 63 21 73 46 72 35 48 93 62 26 42 57 54 74 18 45 7 12 1 93 39 43 55 9 99 17 25 74 52 32 54 98 91 72 87 94 22 58 94 66 
80 70 72 76 25 57 54 22 24 52 69 76 91 87 74 12 72 34 94 76 34 39 23 49 28 56 74 37 71 25 70 77 1 71 14 30 93 5 83 62 72 83 0 45 53 11 59 5 14 88 94 17 15 62 80 10 95 98 91 29 65 66 70 20 30 1 50 9 71 97 50 4 14 92 19 74 46 24 73 68 1 97 48 49 72 14 71 35 76 7 66 11 50 80 5 57 65 34 17 53 47 26 70 91 35 93 62 18 57 2 19 62 38 98 73 24 37 62 87 3 79 24 35 85 15 84 11 1 18 21 55 52 54 81 2 60 38 97 40 22 40 40 1 65 72 19 48 10 6 58 31 15 78 71 95 40 39 2 73 61 62 
96 62 20 72 88 41 79 23 97 77 29 75 46 41 20 54 2 34 37 65 97 97 6 93 87 57 48 96 3 35 39 62 6 6 74 16 56 16 69 56 64 92 35 0 17 87 10 38 29 99 39 44 90 78 89 72 4 77 60 22 6 59 33 19 16 4 25 70 7 84 56 34 92 92 36 55 78 67 83 33 57 49 53 69 51 40 48 84 79 19 51 28 24 80 16 50 22 81 49 74 45 42 55 75 49 33 12 94 52 63 63 6 95 43 53 26 56 24 76 11 13 10 31 2 76 31 64 85 95 19 40 58 96 61 53 95 74 24 82 89 11 19 50 6 62 26 4 73 13 91 90 25 66 10 46 72 49 6 20 40 32 
39 84 88 32 71 72 51 53 72 20 23 58 96 30 90 80 52 19 69 6 43 27 50 75 52 88 34 61 96 80 83 98 8 8 38 24 66 6 3 55 73 28 4 38 0 50 74 97 93 58 40 19 92 73 39 52 63 14 99 85 43 33 7 15 60 28 1 38 65 16 32 22 76 69 78 32 74 21 30 96 11 67 99 20 98 24 78 27 94 92 41 36 44 60 71 7 66 32 75 93 2 17 31 36 35 87 2 82 27 85 84 47 4 18 3 39 60 24 25 68 67 6 43 74 79 94 35 86 77 33 43 60 39 64 72 23 70 19 4 86 50 62 63 73 59 71 29 83 71 15 33 34 38 4 53 32 34 89 99 36 63 
41 81 86 6 76 72 23 9 9 99 81 88 89 37 87 38 1 10 24 98 80 89 64 81 50 59 83 17 48 32 5 27 31 22 77 90 64 9 38 11 73 28 25 93 43 0 76 62 19 25 15 89 21 67 75 64 38 77 91 25 8 32 56 93 86 34 95 13 27 26 44 42 9 72 11 41 82 63 95 51 41 59 94 97 3 78 19 86 38 61 80 12 45 4 15 5 95 3 12 89 26 9 51 46 21 59 84 32 60 27 61 26 96 27 38 70 45 49 65 27 24 27 99 16 28 16 13 27 56 58 64 11 44 23 29 46 18 39 77 7 12 43 78 59 75 90 29 95 86 19 37 64 77 10 64 20 42 53 28 24 2 
6 96 12 86 29 80 88 34 95 77 34 65 4 17 50 91 44 35 65 67 22 61 72 46 61 59 49 68 9 48 57 75 63 13 12 57 78 10 34 43 1 74 18 33 74 53 0 56 80 42 27 20 18 75 14 65 11 32 57 66 95 24 63 33 36 63 74 5 89 33 39 37 63 34 97 67 3 72 11 16 19 81 24 43 2 73 84 53 80 12 51 81 68 18 53 10 89 37 25 26 71 24 96 33 99 88 29 10 12 66 54 65 68 21 72 84 90 44 12 38 1 36 65 54 95 24 72 78 72 87 48 61 89 94 15 5 17 6 81 86 92 49 12 58 45 51 53 17 56 70 72 54 30 35 45 71 22 96 71 26 5 
85 79 44 14 73 82 43 49 43 46 88 68 55 28 81 46 79 37 7 9 91 16 5 36 98 26 9 98 89 65 32 56 90 88 31 71 52 81 54 45 91 82 30 16 99 71 8 0 8 5 14 20 12 73 60 59 79 86 74 56 81 31 61 61 30 51 36 82 24 55 97 39 20 68 7 13 10 22 51 25 4 61 31 65 51 86 94 14 95 1 14 46 10 6 93 42 23 95 22 58 7 4 56 4 84 40 21 43 39 91 49 57 13 61 21 82 24 64 14 66 75 28 42 68 45 13 11 35 69 68 24 1 5 44 35 9 93 20 74 55 64 73 36 79 63 66 87 22 16 83 36 87 83 57 57 94 8 82 36 48 75 
50 6 25 38 4 19 6 61 4 52 98 86 77 33 98 35 26 37 70 6 12 15 85 6 1 22 42 51 85 47 30 46 27 65 69 70 52 68 19 94 27 63 6 78 85 73 44 13 0 88 40 8 31 98 61 36 31 8 61 12 51 49 90 34 12 27 50 60 24 71 74 38 33 8 22 72 69 68 97 25 8 37 36 13 42 17 40 73 93 30 84 56 26 46 71 39 71 95 79 56 39 42 92 42 82 96 83 85 10 35 96 94 46 54 88 36 10 99 33 67 34 5 36 85 36 4 6 59 58 36 62 35 42 80 88 88 60 56 80 66 34 95 34 45 59 36 60 33 94 40 79 28 20 29 90 21 41 15 27 30 10 
51 93 38 68 31 12 96 78 85 75 70 24 42 32 98 67 48 51 89 14 43 68 95 13 35 99 2 40 87 54 17 87 4 33 17 72 22 63 86 64 52 2 9 71 39 15 25 69 34 0 39 94 53 93 31 34 90 1 23 30 32 61 54 66 80 50 8 27 94 7 73 91 93 89 85 91 53 47 24 16 1 98 66 34 68 72 71 86 41 5 82 35 90 34 86 14 9 34 45 22 24 45 49 43 84 9 12 33 41 7 49 51 48 54 55 61 76 36 97 73 23 63 31 12 38 81 36 82 26 23 84 20 89 2 28 74 59 62 75 95 65 67 18 3 3 56 1 53 73 85 13 71 20 2 29 51 68 12 21 15 95 
14 64 89 35 87 96 47 45 87 35 17 10 76 1 41 67 10 39 21 23 42 35 39 61 33 35 27 61 7 27 82 78 77 37 86 70 18 93 10 33 67 2 33 28 87 85 45 3 81 91 0 20 35 64 7 10 71 58 97 66 18 37 27 40 12 64 34 22 7 20 5 80 17 7 6 71 6 56 45 17 38 22 50 60 20 80 96 79 71 18 27 55 93 64 64 58 86 30 80 90 62 20 16 61 95 89 92 43 4 73 52 38 34 59 34 59 45 8 38 53 95 14 39 68 57 11 37 19 89 14 53 52 69 81 63 3 66 24 54 51 34 4 34 55 3 96 75 13 88 65 56 78 86 29 39 35 46 44 73 96 85 
58 41 86 74 16 19 99 89 66 62 32 93 38 41 19 88 87 74 35 45 14 72 13 79 49 25 73 90 76 50 7 75 94 78 89 58 74 15 58 53 72 10 72 78 9 3 40 26 42 88 18 0 98 23 17 51 78 26 77 34 30 13 87 30 33 91 66 62 99 5 16 79 98 38 57 30 11 61 11 75 81 98 97 96 57 78 96 37 42 45 29 94 14 90 47 36 11 55 95 53 56 69 20 37 68 59 7 85 99 39 53 21 37 54 50 64 90 34 4 58 34 82 40 60 19 52 2 44 18 42 11 90 30 22 59 14 24 45 67 83 46 38 7 2 94 73 64 11 26 59 42 15 90 7 3 44 59 37 67 79 21 
67 46 73 57 29 32 57 18 85 92 17 73 72 76 80 81 57 23 74 12 44 20 70 20 90 26 43 64 80 3 66 69 95 86 70 2 2 71 71 53 69 2 8 97 77 51 8 96 39 84 45 11 0 23 4 78 82 83 48 72 45 15 8 80 39 80 92 70 59 68 24 43 63 53 18 34 57 53 11 94 91 74 43 68 76 93 13 56 70 88 72 62 18 14 57 82 33 9 22 4 32 93 92 8 55 82 92 19 32 18 64 93 75 85 52 81 48 68 23 42 18 93 32 75 80 86 58 30 52 86 67 22 37 14 47 41 71 61 46 51 20 42 24 34 40 68 2 32 95 14 88 87 37 20 47 21 2 50 2 10 75 
18 14 18 18 64 8 31 8 8 58 53 37 1 49 54 71 62 52 66 60 71 63 47 19 14 17 60 18 95 82 14 25 45 39 61 25 73 61 36 32 74 13 40 34 5 6 50 11 37 59 56 19 6 0 10 17 97 35 63 48 51 38 53 78 2 99 46 43 5 81 28 86 25 30 71 32 61 15 4 36 31 6 36 56 12 93 63 98 15 80 59 18 91 15 84 5 39 70 75 50 65 22 67 88 92 21 66 57 12 41 63 39 30 5 29 96 54 5 48 38 6 28 24 63 11 12 98 35 83 61 7 2 50 8 60 6 85 34 39 96 39 30 68 2 57 68 29 75 66 9 4 29 38 88 78 79 52 41 68 40 71 
12 8 58 27 66 42 67 92 38 54 55 95 41 20 48 87 19 67 55 19 96 42 23 41 12 56 95 98 36 37 77 95 46 32 96 43 9 89 85 3 70 40 82 20 31 10 97 2 15 40 83 89 41 18 0 1 40 47 83 82 84 46 31 96 96 81 16 52 84 27 76 6 93 35 88 20 70 28 72 55 58 96 14 8 1 50 44 14 48 13 44 83 27 18 8 97 93 85 83 34 64 30 12 50 18 78 58 91 64 86 63 75 65 53 25 59 10 77 7 78 13 16 48 25 95 48 11 74 67 9 28 80 75 61 8 52 91 4 8 40 24 46 39 35 39 50 77 63 19 7 1 55 57 87 23 19 33 18 45 60 38 
36 55 83 60 11 85 23 57 39 4 44 8 68 17 54 55 14 27 74 72 82 48 75 62 2 31 93 45 90 36 18 61 89 99 22 91 18 56 37 65 18 15 35 50 61 98 95 34 47 78 42 91 98 47 66 0 95 76 72 33 39 75 42 97 14 90 70 8 92 84 50 21 61 21 55 31 26 10 72 26 15 34 55 6 41 77 73 44 26 2 46 50 89 91 80 83 86 9 27 56 24 67 42 20 71 79 25 75 45 14 43 23 32 9 2 90 42 46 96 68 71 49 38 5 81 45 16 79 26 8 21 37 93 36 1 80 43 71 24 58 45 30 45 79 31 87 98 54 50 78 33 74 49 64 46 71 99 6 6 35 40 
76 79 85 52 71 71 94 3 69 89 38 1 42 46 64 55 20 6 37 54 38 43 1 40 29 52 9 2 59 30 17 32 67 62 40 86 2 6 95 12 46 2 73 76 27 17 49 13 88 14 33 15 94 52 14 98 0 44 25 6 45 49 69 63 45 21 59 46 8 50 52 29 22 71 89 20 84 30 66 11 92 44 34 46 46 95 48 89 89 35 96 20 81 41 85 42 47 57 7 44 79 1 44 96 80 93 98 19 21 33 41 15 72 9 93 92 99 69 20 71 21 87 40 26 32 32 16 18 23 74 62 68 89 79 40 77 49 44 64 28 30 14 48 85 93 34 12 81 41 65 5 90 94 56 69 55 82 31 88 19 96 
54 7 7 28 63 33 27 71 82 8 25 69 76 87 54 22 75 54 74 85 85 27 92 74 1 46 89 90 1 2 68 81 92 49 84 20 16 30 4 79 59 22 48 29 83 85 63 25 2 81 8 57 49 29 49 30 61 0 65 13 48 69 83 24 51 83 26 73 18 40 67 79 39 9 18 64 75 21 35 36 56 56 63 40 88 19 39 79 99 13 48 92 14 34 92 48 98 25 60 47 30 76 93 70 28 89 30 4 87 81 22 90 61 14 12 93 67 96 51 2 79 53 96 64 60 7 31 2 66 51 44 1 75 22 98 95 84 28 72 94 83 63 78 84 3 61 48 28 96 94 80 1 71 80 47 35 80 25 1 58 78 
67 61 91 65 33 78 27 32 86 29 14 63 94 64 44 54 63 74 15 63 91 13 35 92 30 79 48 77 58 16 57 17 79 25 15 93 32 13 71 10 47 68 53 44 52 55 33 57 28 90 78 32 54 19 49 78 30 19 0 19 47 11 31 73 23 12 40 41 42 71 48 60 38 20 5 48 64 20 66 41 20 24 35 63 48 96 24 32 78 45 47 74 19 58 26 38 99 83 37 44 78 76 47 88 84 8 99 16 8 60 84 31 82 6 68 40 42 94 20 54 97 34 59 26 73 82 21 50 37 43 88 52 30 47 52 54 52 24 33 34 85 94 16 45 14 58 38 45 63 40 39 92 52 25 26 6 78 93 95 14 66 
94 87 90 32 43 13 99 97 85 56 6 80 5 99 46 60 4 46 68 16 1 40 80 1 93 70 2 5 75 14 82 93 53 23 61 57 51 17 42 42 2 81 20 31 93 65 99 79 13 28 22 78 20 20 31 62 63 42 73 0 43 41 54 84 94 15 79 80 30 49 33 5 95 32 94 87 34 40 5 43 65 44 80 43 36 8 31 87 14 58 63 67 23 19 95 83 27 18 1 4 93 16 76 89 25 1 62 54 39 3 89 18 51 45 54 49 20 75 9 23 60 80 72 55 22 19 70 34 18 24 17 56 68 20 68 21 89 96 20 14 20 16 61 8 9 5 57 17 53 90 54 68 62 12 25 22 83 79 55 42 3 
52 97 79 20 82 55 52 74 59 73 33 55 50 78 46 92 89 33 14 51 8 97 54 57 85 97 40 87 57 70 73 33 93 47 29 34 97 11 90 35 77 18 56 88 1 96 95 8 23 36 78 69 16 13 69 83 29 87 94 12 0 67 89 59 4 14 11 59 88 37 18 45 58 56 1 37 24 29 85 16 19 22 81 43 59 59 73 17 96 58 76 68 86 68 19 47 16 17 69 69 68 84 42 68 57 8 14 55 33 97 34 31 98 41 9 80 25 28 45 3 88 31 84 26 81 25 59 92 18 46 49 88 59 85 55 70 3 38 3 99 96 2 76 57 70 85 9 15 81 79 15 86 64 99 11 44 89 55 72 74 55 
47 48 47 8 42 87 4 77 60 83 71 77 95 67 30 85 35 67 58 43 14 55 71 90 44 22 55 55 76 19 26 29 96 41 31 33 42 93 61 4 47 5 10 28 37 56 60 31 5 43 35 94 79 26 93 44 27 24 13 18 82 0 94 75 80 76 10 64 86 54 63 32 61 62 97 96 98 57 88 86 56 31 62 26 77 19 48 24 82 79 78 60 91 44 12 75 61 39 51 99 22 30 59 60 79 59 23 25 8 77 13 86 47 3 97 73 81 84 97 5 30 18 93 52 94 97 17 39 2 86 54 3 5 44 5 25 54 56 52 78 65 3 8 70 90 87 80 33 84 20 50 86 96 29 55 92 29 16 4 72 59 
14 1 50 53 71 34 59 21 88 9 71 13 56 19 67 84 35 35 91 88 71 82 1 86 89 98 23 12 48 42 71 96 15 5 89 39 48 25 17 53 63 4 49 60 40 97 54 67 79 77 38 80 49 55 30 28 49 78 45 86 70 25 0 40 41 20 10 7 82 72 21 50 10 84 19 89 54 27 41 78 89 65 40 89 37 38 64 10 87 55 90 40 11 79 53 6 64 99 3 19 80 63 51 29 14 82 38 88 61 63 20 72 68 9 80 1 62 95 90 30 97 26 58 1 74 98 71 77 93 44 68 77 96 17 3 68 84 16 78 46 15 19 11 52 1 85 42 20 76 18 90 67 55 7 5 36 47 21 2 4 47 
28 33 26 73 38 95 95 71 77 56 30 16 42 85 34 27 86 27 18 45 69 49 60 24 36 76 34 95 66 93 75 35 6 82 94 19 70 93 17 70 25 82 78 70 27 85 43 51 84 98 68 2 42 57 80 56 29 76 10 67 8 98 34 0 60 22 86 11 37 46 29 10 45 12 66 25 3 5 94 88 49 57 39 38 64 77 72 91 14 18 69 56 84 47 95 38 44 40 96 41 50 17 97 28 60 22 80 76 13 47 88 32 96 78 46 14 40 85 68 98 93 20 35 80 46 92 86 1 34 25 22 99 27 75 82 85 52 77 61 16 50 97 23 50 57 83 94 56 56 5 51 58 93 99 62 58 90 36 25 11 92 
30 62 32 86 94 92 40 53 12 11 91 41 36 96 15 54 31 24 84 83 20 43 17 8 72 95 40 51 22 85 9 50 3 52 91 77 91 28 7 21 23 79 81 36 26 4 30 48 94 94 89 52 51 85 85 62 74 46 52 89 47 50 77 23 0 40 15 87 30 14 14 38 50 6 84 93 60 61 97 51 25 49 54 5 24 2 81 99 50 34 5 49 24 66 74 64 90 21 24 89 32 17 38 21 28 64 69 38 19 53 36 38 91 73 30 95 45 60 83 80 1 45 90 97 21 66 91 73 28 83 76 39 83 87 76 19 55 77 97 79 11 41 79 18 58 43 22 9 34 93 93 17 77 43 38 11 57 81 92 80 16 
96 29 12 94 13 66 75 9 38 57 20 86 99 69 96 47 58 65 88 31 5 20 51 45 14 79 71 35 97 67 33 56 48 81 98 34 9 14 98 88 46 36 9 2 10 44 53 46 2 42 69 62 24 74 97 1 7 79 29 59 42 75 97 13 84 0 86 7 37 64 74 34 23 68 57 9 27 80 86 93 57 11 24 66 7 15 94 23 19 41 7 95 64 91 86 89 40 6 99 53 99 2 15 67 40 84 1 20 34 19 35 41 32 14 62 5 62 11 46 12 99 45 65 55 86 58 46 68 79 20 18 19 57 62 83 54 46 20 12 76 95 48 12 44 57 90 32 51 86 25 80 93 85 3 45 45 2 70 51 85 38 
18 81 10 77 25 62 78 32 66 19 83 7 38 6 21 12 22 23 23 46 72 22 87 52 51 10 55 16 54 68 46 97 56 2 18 63 11 8 47 12 75 15 39 37 81 95 91 36 77 19 17 72 25 88 59 54 66 16 53 3 13 88 26 84 82 38 0 55 57 64 45 90 54 78 59 82 34 50 97 2 65 31 37 82 72 11 85 88 72 48 3 39 18 47 1 44 63 80 91 87 77 39 2 93 22 43 98 56 40 57 41 55 5 88 84 39 33 90 30 27 1 13 50 3 50 67 91 82 82 94 3 72 67 18 76 16 55 47 36 98 10 89 82 48 98 91 29 70 11 73 24 44 75 58 89 51 23 93 12 41 7 
50 86 89 17 44 15 62 7 60 69 28 87 29 81 30 49 27 10 44 32 43 80 7 72 35 10 9 35 67 12 15 64 44 98 96 93 13 69 51 74 79 7 87 37 30 60 86 8 45 56 53 99 97 32 14 27 54 29 86 4 40 67 57 62 46 48 9 0 3 12 70 96 51 73 26 78 82 41 12 94 41 48 11 88 51 33 70 87 3 79 68 41 57 85 39 38 82 90 38 87 41 37 25 18 19 82 95 71 5 1 9 12 14 58 53 49 15 17 1 98 1 22 60 19 84 80 60 95 26 3 95 76 30 58 88 74 16 97 64 62 31 70 79 16 67 18 54 79 11 55 2 45 74 20 10 6 53 14 9 66 66 
60 59 11 69 20 21 73 79 30 54 71 60 81 80 60 65 28 66 80 65 90 10 50 28 29 77 14 37 81 46 67 3 46 81 30 37 43 62 63 3 33 67 1 17 23 44 5 83 27 86 38 92 1 59 60 72 71 60 77 90 83 34 35 38 43 66 65 64 0 21 56 31 25 98 56 4 4 8 16 63 97 35 8 69 49 81 66 25 69 41 77 66 58 21 84 40 27 89 23 15 24 90 66 47 8 23 77 7 77 6 32 79 56 4 80 86 14 24 21 1 79 17 14 37 15 5 42 58 56 53 40 3 64 80 28 65 63 81 80 3 27 73 79 62 60 49 11 4 54 11 62 94 69 2 95 82 90 90 57 43 25 
92 56 39 9 8 65 8 77 35 30 21 75 68 70 28 39 21 9 20 26 80 87 82 78 82 88 44 47 4 2 77 63 22 14 47 7 5 60 41 65 57 25 23 30 43 23 68 71 4 66 6 79 91 87 94 57 84 55 79 96 42 1 26 2 72 76 3 44 73 0 18 33 38 47 58 81 60 78 85 87 27 43 72 14 52 4 68 89 8 96 52 72 20 60 89 89 35 83 93 48 63 27 11 2 6 7 68 55 12 38 6 74 36 45 73 86 59 86 33 89 81 31 34 68 4 53 47 70 77 84 39 13 42 94 68 88 56 26 39 44 33 27 89 9 49 45 69 97 19 55 28 98 38 39 83 72 19 8 30 70 39 
57 50 37 27 60 20 11 27 67 93 69 88 38 17 76 90 42 77 34 18 50 44 6 59 68 36 1 39 6 51 76 21 10 12 48 65 95 56 78 52 43 16 94 32 93 43 38 39 42 74 48 87 31 57 81 90 25 74 53 11 72 14 24 83 4 66 63 6 3 67 0 67 18 25 37 36 92 94 19 40 90 30 35 69 26 60 8 83 1 31 67 35 76 86 61 11 88 5 93 25 85 82 75 80 67 62 26 55 33 23 23 18 2 29 93 18 8 68 67 95 86 37 14 83 4 99 78 62 88 60 3 59 33 96 8 28 46 50 40 78 71 60 60 16 34 40 19 23 89 67 31 97 63 56 9 30 46 14 84 4 89 
19 7 29 23 25 8 48 53 9 33 29 13 26 57 41 86 14 86 85 98 65 84 66 59 84 41 64 95 71 33 38 74 35 72 54 45 15 97 54 66 35 9 15 99 51 40 21 98 95 52 40 30 96 46 69 84 58 47 63 45 97 63 57 66 85 30 7 39 24 1 8 0 15 98 87 77 79 93 12 18 2 72 16 43 83 34 58 95 2 62 20 80 82 14 74 88 12 36 97 38 87 75 83 74 9 3 60 33 1 87 91 36 48 3 50 91 70 3 26 2 91 8 66 78 85 70 18 78 46 91 98 71 4 53 34 15 47 79 58 11 42 73 72 46 13 72 59 91 47 8 15 43 54 16 43 89 59 67 57 44 90 
51 72 42 44 52 7 39 76 97 41 57 49 96 60 10 4 96 15 46 6 22 28 50 76 30 95 8 57 69 50 67 20 47 9 64 89 11 41 44 49 21 47 26 8 49 97 37 50 80 68 20 13 29 84 41 18 94 85 81 7 84 29 32 70 27 42 76 65 95 52 13 42 0 63 51 23 61 87 46 14 22 34 8 47 10 57 26 93 53 21 17 12 28 33 1 80 51 82 4 92 83 58 23 73 85 15 78 8 73 70 34 36 7 87 78 43 45 38 63 97 34 33 23 11 3 8 39 96 38 11 47 30 80 15 97 97 87 44 54 82 5 19 28 84 10 31 77 17 46 60 69 68 45 77 17 69 55 72 93 2 80 
74 30 76 28 53 50 45 44 1 20 48 63 2 73 48 79 9 82 4 83 41 15 1 15 70 33 39 88 35 24 5 92 2 52 38 36 51 53 14 37 28 98 59 96 58 4 49 49 65 29 85 89 48 95 9 6 48 95 95 42 54 62 22 66 58 71 59 84 47 67 51 3 10 0 26 45 73 49 41 27 85 15 3 79 73 46 86 27 39 3 7 46 78 55 67 86 65 45 28 77 19 49 14 45 99 78 19 67 34 23 80 76 7 43 66 71 1 48 36 94 90 49 22 56 98 35 24 68 50 38 42 66 2 80 18 6 41 48 26 27 80 35 3 6 72 71 97 25 36 98 97 13 75 67 71 93 91 5 97 79 32 
89 18 77 36 32 82 27 91 97 36 60 78 61 22 30 14 50 70 43 88 70 42 52 97 87 53 39 65 62 56 44 47 19 22 50 54 37 59 41 59 86 52 1 82 91 56 98 75 84 92 21 31 2 80 86 41 99 64 36 56 26 92 79 2 32 74 2 59 73 47 55 40 11 88 0 48 41 71 18 70 53 92 8 22 47 80 30 9 89 10 8 52 79 17 48 41 55 84 25 70 54 90 26 32 3 11 51 9 33 15 58 51 64 68 60 76 44 56 62 46 96 91 52 47 32 67 38 71 28 65 80 75 19 6 51 69 4 54 14 47 56 10 62 66 96 56 44 57 49 17 7 23 50 97 20 71 91 76 77 35 15 
67 39 54 15 87 70 19 77 9 63 92 68 14 92 85 72 69 62 51 77 11 4 31 92 2 76 61 98 88 57 7 23 21 84 96 80 18 23 67 78 48 11 29 90 85 94 81 57 84 87 44 47 37 75 61 48 45 98 37 62 54 87 17 61 88 84 72 15 89 5 70 86 60 43 42 0 57 71 94 65 40 73 15 40 24 5 88 27 42 93 55 41 51 84 98 14 91 14 15 65 62 78 64 76 33 57 29 90 97 38 40 29 38 69 69 53 21 88 78 85 9 72 56 74 38 72 5 91 2 48 10 79 83 48 94 86 55 53 10 21 88 4 55 73 51 28 97 27 51 28 22 41 68 75 71 21 57 76 98 91 65 
55 79 69 69 49 65 28 78 65 29 70 86 58 34 75 13 40 18 36 6 80 72 17 56 83 40 79 85 83 13 16 50 19 21 74 31 12 40 23 76 25 52 95 6 94 62 46 89 79 35 68 84 57 94 96 98 36 50 16 41 95 92 90 98 99 15 95 14 67 56 45 50 22 52 59 23 0 71 39 75 66 43 25 32 34 12 55 80 99 14 8 20 87 45 71 79 23 25 43 29 78 94 4 79 89 55 65 28 12 20 94 79 64 51 23 36 91 82 87 31 65 96 84 80 10 63 47 27 37 23 77 94 54 22 69 41 83 10 63 39 57 86 79 46 3 94 5 72 13 23 62 33 83 70 57 28 84 59 61 55 35 
12 1 7 80 13 78 27 75 63 29 21 19 52 43 48 11 27 30 19 1 23 7 19 6 5 74 9 76 39 46 61 87 1 21 93 83 47 70 57 24 59 21 69 85 49 16 2 97 80 16 91 57 41 77 83 73 42 29 72 75 33 57 89 82 34 93 71 13 46 72 49 22 13 84 84 22 74 0 55 87 34 74 74 84 38 72 92 6 50 53 42 96 3 3 84 1 4 22 1 80 55 95 17 62 56 27 22 10 65 87 98 98 3 23 18 74 43 52 33 12 60 56 41 12 84 20 38 9 91 3 95 95 98 79 28 3 54 66 67 97 39 50 83 88 19 86 58 79 51 12 46 87 7 85 84 21 23 82 63 89 80 
60 61 88 19 16 61 81 5 90 80 86 65 81 17 19 64 79 61 33 33 71 66 22 55 7 45 86 78 9 88 91 84 53 27 83 57 80 34 43 49 11 53 89 27 18 51 33 25 92 73 55 9 80 82 22 44 57 75 44 44 99 73 40 99 16 44 72 67 67 18 94 74 39 46 91 63 74 8 0 93 57 62 58 12 83 87 47 58 40 41 34 17 52 60 95 25 6 75 69 12 63 98 51 78 45 47 76 97 80 48 29 33 76 7 24 79 20 63 77 88 98 2 60 18 8 99 86 15 9 61 24 78 52 7 32 81 15 61 94 40 36 62 5 94 36 71 31 72 83 97 43 11 80 71 64 36 73 35 5 36 95 
63 65 58 69 63 30 50 62 83 16 82 57 35 21 39 97 18 62 30 74 70 69 9 53 13 58 17 23 35 70 7 13 10 1 78 74 29 6 44 41 2 29 37 74 48 36 22 3 2 28 72 47 85 51 26 56 4 79 32 44 58 37 66 84 26 59 59 17 7 94 82 12 9 57 19 43 78 73 72 0 30 61 40 65 71 4 51 78 10 10 99 71 50 71 78 94 88 59 77 22 96 15 93 85 19 39 86 97 36 92 38 31 42 32 63 20 86 8 15 58 2 27 2 7 59 84 54 51 14 93 65 77 27 46 55 46 67 80 40 34 8 3 10 28 80 67 9 47 91 42 7 49 87 48 37 35 15 79 94 68 92 
95 24 98 88 61 45 21 9 43 76 42 16 66 72 75 63 94 42 89 5 58 35 28 60 55 82 49 38 46 80 14 93 5 10 63 78 88 16 65 16 15 55 94 83 9 95 66 46 72 91 72 24 98 85 65 48 48 29 95 98 56 95 21 18 2 10 72 8 12 88 30 50 82 66 17 35 12 12 89 7 0 38 62 95 2 92 19 16 61 80 67 75 37 92 59 6 63 17 77 81 71 49 81 38 98 22 57 42 51 53 62 27 51 7 1 22 98 2 2 31 62 30 90 85 57 37 52 23 97 89 48 74 2 51 52 21 12 34 78 88 76 94 20 19 74 3 54 3 42 84 87 22 65 43 34 8 28 48 64 22 46 
52 67 81 64 97 31 42 22 2 26 53 35 79 26 94 30 36 78 81 49 73 87 70 96 42 3 45 26 78 13 27 26 30 40 67 82 28 13 50 12 59 34 13 6 9 49 35 51 36 32 81 51 92 93 40 91 16 53 96 96 83 57 99 82 20 46 87 18 53 82 87 49 62 55 62 57 39 62 70 56 29 0 82 99 87 70 39 66 31 31 90 61 86 16 59 48 13 69 94 60 16 36 77 79 95 48 30 46 87 77 30 41 37 74 55 87 98 64 45 10 17 24 65 89 89 11 74 26 69 22 86 40 74 27 85 32 14 72 29 97 94 90 61 99 22 15 39 49 30 68 68 64 93 78 94 11 73 47 68 56 87 
27 75 65 62 61 32 60 93 12 27 1 96 14 35 97 43 46 42 15 88 41 83 48 38 97 28 97 91 5 74 18 33 52 35 31 7 96 45 56 88 78 88 95 3 39 26 85 78 88 99 31 98 39 38 93 74 24 93 46 87 81 2 2 3 35 98 13 99 17 45 14 64 20 81 68 81 36 99 78 55 17 94 0 39 75 20 50 38 63 92 58 79 92 70 8 87 49 35 73 99 62 85 52 50 40 26 3 21 65 95 4 90 59 77 85 18 3 48 23 53 90 42 78 7 6 49 44 87 80 71 15 3 30 66 9 46 82 70 86 89 64 35 82 44 29 89 30 31 62 2 76 51 48 63 27 62 16 69 41 21 25 
94 24 61 7 78 39 85 10 5 27 46 69 14 23 96 84 76 6 84 87 29 88 31 61 49 70 55 77 99 49 50 45 82 82 49 76 6 44 60 52 86 96 41 26 59 86 37 60 69 78 92 24 94 33 11 55 99 94 48 80 12 28 48 71 42 69 35 7 6 7 12 8 64 23 77 61 97 71 89 87 46 89 31 0 64 78 14 86 80 56 88 80 85 53 45 95 76 28 3 5 28 89 72 3 23 79 65 19 83 1 9 99 81 72 72 64 95 62 1 32 26 17 54 99 34 78 47 6 41 4 77 37 71 68 36 2 33 67 80 22 23 96 30 33 44 28 40 95 39 97 35 95 19 49 31 65 37 65 61 79 35 
44 62 21 24 49 60 71 51 86 21 69 11 48 55 93 57 18 87 97 12 5 35 93 64 16 95 61 71 80 81 48 37 43 4 7 97 36 24 16 51 93 63 62 42 40 94 92 71 81 9 52 72 80 94 38 84 83 36 94 54 83 46 82 50 11 26 49 16 13 60 11 46 87 14 54 87 76 87 8 72 26 72 44 50 0 4 31 21 59 13 10 95 37 31 99 73 97 29 26 81 79 48 27 45 5 97 93 30 84 28 18 96 47 5 34 69 88 34 70 18 73 8 74 15 30 9 49 65 95 16 94 49 82 34 50 18 8 85 4 31 97 48 19 68 97 98 89 88 72 74 69 67 68 21 14 24 68 95 35 53 82 
34 27 23 99 6 47 20 88 62 49 70 90 78 28 4 71 91 52 26 81 44 85 11 74 67 71 50 77 73 4 39 27 30 44 17 25 81 30 85 52 74 99 9 62 18 50 55 94 2 39 37 66 10 44 56 84 53 60 15 17 22 28 45 52 43 75 42 90 63 53 93 38 17 43 2 49 77 42 61 11 30 77 38 86 31 0 77 86 9 63 78 74 20 74 90 75 4 39 22 48 63 27 86 31 96 76 65 48 62 30 26 50 80 26 15 79 42 47 84 99 2 72 65 89 77 77 98 30 89 39 6 39 72 56 53 62 24 51 13 22 19 94 37 64 70 8 48 84 27 95 81 27 85 15 30 94 52 72 17 56 6 
92 91 74 38 24 2 41 66 32 88 71 1 83 82 80 39 30 21 10 56 60 92 6 61 17 42 53 71 48 89 97 75 78 68 35 94 83 45 66 5 52 37 95 52 26 83 2 3 59 55 65 50 10 45 67 67 37 16 96 35 58 69 90 15 37 80 33 29 82 6 85 79 63 12 39 55 53 22 25 42 11 21 17 7 67 52 0 25 29 6 20 69 96 81 3 83 64 48 25 68 64 9 75 11 50 42 15 67 46 15 73 5 47 45 50 37 37 57 88 11 72 40 78 73 24 97 86 55 97 62 84 54 47 59 63 67 95 25 66 49 8 9 43 22 69 37 53 8 66 5 48 6 1 5 93 7 65 18 72 96 44 
56 84 31 91 94 53 37 6 83 24 92 35 99 68 13 48 43 39 95 95 83 68 58 51 80 40 54 69 67 89 5 9 45 85 35 3 21 45 37 58 96 36 23 79 49 34 48 4 95 31 99 94 39 97 66 15 17 87 45 20 88 40 36 7 36 31 55 29 17 30 3 89 18 36 79 26 81 28 34 59 59 85 75 72 83 47 85 0 49 90 32 18 58 81 47 55 33 78 42 33 34 35 6 89 87 61 68 64 62 90 80 66 24 53 46 70 50 81 50 81 9 66 68 90 75 2 7 67 7 58 12 85 98 70 57 35 88 44 82 35 60 45 88 91 60 11 38 44 49 65 10 55 31 93 84 44 85 74 34 98 43 
90 64 24 60 30 89 76 32 21 56 54 8 52 21 9 55 38 94 8 58 18 32 73 85 11 90 89 18 21 7 79 43 24 80 11 50 38 47 98 42 49 3 74 1 15 71 38 3 49 79 76 25 35 98 25 17 73 33 22 48 62 24 66 60 56 22 71 23 69 66 76 55 90 14 42 8 88 45 94 85 42 69 48 32 65 91 22 58 0 21 76 1 85 96 95 86 44 71 11 86 21 14 77 39 5 15 21 72 43 73 45 50 35 84 38 80 42 65 91 8 6 75 27 42 74 61 2 48 11 65 37 79 89 2 75 88 98 42 52 55 24 98 93 91 28 71 56 57 32 55 56 32 16 16 71 16 65 11 28 55 99 
36 70 95 88 80 9 32 15 30 78 59 66 42 44 51 22 81 83 23 56 12 58 27 34 98 39 69 86 48 55 56 16 25 57 35 38 25 72 7 44 69 64 96 64 37 84 61 95 40 56 96 31 66 41 88 53 32 6 31 37 43 78 75 82 15 50 27 30 89 80 4 70 15 95 87 22 66 99 18 69 18 54 73 35 78 60 30 5 30 0 36 55 17 53 4 54 5 67 61 53 7 17 52 93 30 30 72 5 28 78 48 66 51 53 89 45 49 92 91 88 12 4 40 96 98 85 74 28 85 17 43 90 2 1 12 20 17 7 33 71 45 54 30 80 1 46 68 66 56 43 8 21 41 81 53 75 59 85 15 50 33 
90 69 93 50 44 40 12 63 99 66 68 4 72 19 53 91 79 8 23 2 32 95 21 86 65 29 66 70 80 13 78 33 32 37 92 74 33 96 22 31 30 9 77 40 96 98 20 42 47 75 3 99 36 89 10 32 14 67 11 14 89 34 22 9 24 81 98 4 88 49 97 32 66 95 22 4 71 47 88 32 13 8 62 24 27 33 50 94 89 29 0 27 63 45 50 1 31 18 95 66 67 58 48 82 87 59 94 46 78 16 73 83 51 65 74 89 21 91 16 55 61 81 15 14 70 87 6 81 51 11 71 53 4 77 27 39 55 64 79 14 79 9 12 79 92 30 49 7 59 48 50 15 32 78 13 19 92 68 80 60 39 
43 79 26 90 71 23 8 51 53 98 17 1 20 87 93 39 35 11 99 94 7 51 43 41 20 90 7 66 77 4 33 59 63 26 83 14 30 23 90 99 28 86 64 51 36 12 85 69 20 18 77 88 9 2 7 63 78 13 43 89 37 36 48 57 57 3 91 95 92 91 89 58 48 49 52 21 82 86 20 34 66 87 54 21 1 45 43 54 74 47 64 0 53 52 48 40 72 25 25 26 33 94 76 85 71 84 99 26 9 53 99 4 4 59 19 88 77 53 52 61 30 85 96 34 15 43 5 64 29 30 27 99 9 51 30 49 95 79 81 20 54 99 25 32 72 36 20 35 6 8 21 63 91 92 20 19 11 80 54 61 75 
69 16 21 82 46 23 63 28 33 79 68 8 58 91 43 96 92 71 16 80 78 11 98 71 48 19 79 39 45 63 67 35 14 30 86 65 66 62 46 11 83 19 19 14 91 16 64 56 15 16 38 44 74 67 11 25 75 29 65 12 3 66 29 13 21 78 28 29 4 83 79 82 58 34 74 54 78 15 51 7 77 25 13 37 44 13 23 69 63 26 96 51 0 8 52 97 19 16 76 18 42 97 94 71 75 33 15 74 75 21 86 51 33 93 81 42 61 32 26 80 86 99 16 17 25 11 12 64 62 31 96 62 41 26 45 99 85 3 19 16 59 27 37 92 70 88 60 47 6 74 38 40 49 69 29 82 63 66 72 82 54 
47 52 72 35 23 9 67 99 4 50 94 34 50 33 46 54 11 27 86 87 19 1 29 93 34 42 87 69 53 75 68 98 89 71 34 95 63 78 94 22 20 85 77 94 10 18 96 5 28 39 71 48 89 63 7 53 1 2 4 76 24 53 55 50 81 73 74 99 36 91 14 90 21 33 25 18 22 65 93 56 79 86 30 19 61 71 56 33 50 5 69 14 94 0 82 33 45 26 52 44 14 9 1 63 54 52 90 47 46 82 74 26 26 84 40 99 90 50 54 5 44 72 79 97 40 3 86 85 94 86 52 51 45 49 13 98 27 4 17 85 23 91 81 92 27 89 13 10 58 9 70 2 40 27 7 83 53 54 88 92 86 
32 97 54 47 36 20 70 73 57 38 56 73 11 42 49 23 60 90 26 1 50 1 94 97 66 94 68 49 75 96 69 57 89 46 50 76 66 4 36 43 46 31 64 79 11 44 45 4 49 7 21 53 20 33 28 3 82 7 90 59 31 43 79 33 20 97 73 43 19 88 50 60 67 44 10 32 93 47 20 24 96 25 48 90 53 20 82 12 96 78 7 28 61 54 0 61 82 45 40 82 47 62 88 39 76 15 30 78 79 62 54 3 41 45 90 71 58 62 39 97 73 33 41 63 95 98 98 1 54 45 75 96 76 87 83 73 69 19 14 68 19 33 97 54 49 95 7 2 16 16 30 24 94 46 28 27 81 74 47 9 51 
65 90 69 95 32 43 23 73 44 18 50 73 59 61 81 65 15 19 90 23 35 83 89 92 65 71 32 62 5 35 21 94 87 2 62 21 7 41 94 87 35 45 2 41 71 37 39 69 33 44 36 78 84 31 52 14 56 1 30 80 78 78 10 4 2 96 51 95 61 95 62 64 64 6 60 55 37 64 11 38 7 93 78 37 65 11 93 95 5 74 40 31 90 4 84 0 88 61 32 39 60 33 37 73 95 97 83 22 54 1 43 85 66 27 77 79 43 17 41 59 66 58 77 31 10 46 41 16 95 12 71 12 34 23 15 79 34 13 24 97 75 8 95 9 56 53 86 46 73 65 89 82 95 27 94 91 88 55 15 26 21 
37 29 81 57 57 32 6 60 52 35 92 36 49 90 39 77 64 85 76 31 4 50 95 45 26 51 85 48 32 55 86 25 34 78 67 1 35 59 21 52 8 20 85 99 43 58 11 97 18 33 88 3 16 75 60 1 62 45 88 40 97 18 46 81 5 40 13 6 89 46 69 1 21 75 85 1 44 60 48 9 46 57 53 71 52 72 84 26 86 14 94 95 89 43 51 24 0 32 29 74 68 43 34 15 97 98 39 52 62 63 62 28 46 48 28 46 84 13 29 62 40 53 19 75 6 2 65 52 50 44 79 92 51 84 31 62 10 96 77 89 54 61 38 5 69 97 33 73 6 75 29 58 48 48 27 49 44 98 81 18 90 
51 56 91 65 14 71 6 59 98 58 1 87 92 13 10 38 96 16 13 25 40 12 88 22 63 54 55 13 48 31 33 6 90 15 70 19 85 24 56 36 35 19 39 4 78 66 38 96 81 53 3 79 7 44 33 33 11 53 43 6 2 59 55 27 76 37 43 1 51 45 7 99 26 65 59 23 74 79 20 99 77 73 52 5 7 31 61 4 3 90 9 43 71 46 58 32 76 0 37 67 47 49 41 9 77 63 65 90 62 35 83 93 39 58 29 84 34 60 1 2 53 24 21 39 21 38 70 32 16 8 5 80 75 5 81 69 57 81 90 25 13 29 40 3 3 66 42 12 64 83 62 65 48 22 51 81 87 41 47 92 82 
83 52 58 12 29 57 26 3 96 83 18 14 38 66 22 24 29 26 65 27 75 92 84 35 10 7 75 22 94 81 22 29 45 62 86 77 27 79 76 87 68 54 21 49 76 64 28 33 16 23 88 45 93 23 66 33 87 75 2 90 64 13 41 62 89 16 44 27 27 85 58 63 82 80 90 39 81 23 24 57 58 82 91 89 88 25 49 28 88 71 49 9 68 29 3 88 75 50 0 88 62 26 22 58 98 13 46 9 91 47 27 4 16 56 25 44 17 30 64 20 21 55 87 93 19 23 47 34 57 90 31 61 86 85 6 78 32 3 37 34 61 84 86 6 73 43 56 99 82 29 57 82 36 61 2 30 99 42 14 12 88 
98 89 48 59 38 34 40 5 73 88 63 57 83 78 32 12 31 18 94 55 41 14 47 65 75 21 75 67 15 46 7 99 62 27 9 47 56 45 29 57 11 48 28 92 10 39 19 1 43 16 54 19 85 57 2 82 51 2 3 28 44 75 59 22 44 76 57 60 82 30 85 14 7 41 37 80 25 63 28 11 52 42 95 73 95 11 36 16 60 6 23 50 37 18 38 65 27 38 95 0 71 3 44 9 62 44 98 36 16 20 18 77 63 88 94 6 25 63 79 22 55 32 25 8 99 83 32 35 32 69 49 99 25 83 93 11 1 86 97 60 58 81 48 49 96 93 87 73 74 4 56 18 3 3 12 37 71 10 36 98 68 
12 70 34 36 84 28 32 46 63 80 5 8 60 53 11 14 19 8 77 46 95 73 97 98 70 72 49 31 67 18 18 37 46 11 8 93 15 84 99 50 96 59 11 22 72 37 94 53 14 5 43 55 75 49 14 94 17 67 55 47 65 95 62 88 25 22 9 68 54 51 11 24 28 36 6 38 50 80 77 31 75 61 77 59 83 63 90 68 20 24 57 54 87 57 76 70 97 65 84 26 0 35 96 44 16 27 26 41 93 78 49 7 59 55 18 14 12 79 91 10 89 8 32 99 59 78 69 81 28 34 20 37 70 91 24 28 91 11 87 95 64 33 42 22 10 32 43 76 82 16 31 76 1 59 84 81 82 39 95 13 33 
17 99 43 73 89 69 1 50 15 67 3 85 29 85 6 38 93 1 71 47 37 35 24 97 89 77 79 89 62 43 24 29 99 35 91 17 33 35 70 53 1 7 52 44 2 68 47 73 95 88 72 69 72 38 86 78 62 46 15 63 46 26 87 15 95 73 13 6 87 62 43 93 82 66 23 74 95 8 80 87 94 75 85 54 63 18 91 47 23 47 30 49 62 73 59 74 72 22 32 99 25 0 41 71 42 28 49 44 42 14 33 16 30 91 30 96 59 34 18 88 35 26 95 93 72 82 32 56 86 21 36 53 70 66 79 91 50 48 71 54 76 23 21 39 83 1 32 55 1 67 51 81 86 31 22 51 83 82 92 83 44 
33 25 78 99 76 28 89 19 81 47 74 95 14 16 69 45 57 79 97 77 10 75 4 80 55 70 87 40 18 35 29 95 66 39 24 5 71 36 49 99 92 55 39 37 22 98 95 67 80 6 30 82 38 68 30 91 27 74 56 31 67 79 94 93 89 7 96 79 30 7 93 83 47 81 57 98 51 67 49 32 58 42 37 84 68 76 61 78 61 58 34 58 99 99 62 66 27 10 8 32 2 76 0 24 34 34 11 77 93 88 14 15 92 30 29 52 35 70 6 49 17 74 65 67 45 49 49 56 38 26 47 87 19 47 61 51 82 98 53 37 21 35 90 35 49 59 71 99 99 38 69 49 84 38 81 85 37 94 10 95 6 
34 76 35 8 64 88 37 66 70 60 96 37 30 57 34 1 9 41 1 59 69 79 73 21 11 50 92 54 80 58 55 13 82 58 75 79 66 30 47 41 81 9 73 22 80 85 36 61 84 37 94 48 59 85 79 49 27 60 86 32 32 23 9 47 5 30 8 17 50 21 18 89 14 38 66 68 95 34 46 7 15 85 14 3 57 37 31 26 97 47 39 67 93 92 14 42 4 52 27 59 80 25 68 0 10 76 25 2 70 18 94 31 1 72 65 14 98 60 46 39 57 13 47 67 26 84 93 50 2 62 75 16 69 37 80 22 37 80 99 99 72 64 67 43 87 9 91 5 20 99 70 38 71 21 67 21 5 56 73 89 48 
1 12 13 8 27 79 97 63 83 13 93 47 91 3 43 30 55 92 57 98 2 18 96 98 17 51 39 49 48 14 63 49 11 70 99 26 45 70 60 59 7 87 14 80 43 98 99 52 82 74 81 94 21 78 89 73 96 42 56 67 15 51 3 34 1 48 54 8 41 72 92 55 74 86 23 52 78 60 51 82 46 80 49 87 94 31 72 59 13 88 3 91 3 87 54 78 38 80 76 72 70 84 81 99 0 79 70 73 82 67 60 69 15 34 54 41 77 98 89 76 23 8 79 25 83 1 77 71 48 26 76 59 69 5 64 20 76 55 7 1 23 60 22 31 53 35 52 47 46 24 84 45 77 2 94 79 27 46 73 46 8 
55 47 18 52 62 82 4 74 57 20 54 38 17 6 11 80 54 90 86 74 4 20 32 69 60 23 36 84 37 94 77 19 23 76 3 60 29 29 76 10 55 18 74 13 26 15 39 52 29 31 5 93 53 33 77 32 37 48 25 80 63 93 79 83 84 36 52 97 72 82 58 73 39 60 9 49 21 90 52 87 75 89 33 6 78 31 47 37 26 30 73 34 98 88 45 16 4 16 21 61 56 35 49 2 75 0 82 97 75 17 9 90 23 23 99 86 4 63 88 36 1 76 58 48 68 48 98 19 80 93 79 56 99 85 95 1 78 7 79 86 38 81 9 92 17 19 17 83 76 48 25 91 30 14 49 75 19 60 20 35 34 
2 74 42 10 65 88 54 36 6 76 67 12 59 28 62 15 35 93 93 39 41 68 6 78 33 42 70 87 26 7 12 88 36 50 88 83 30 12 94 64 36 51 76 51 22 50 22 32 3 54 36 94 69 73 96 5 36 6 2 41 74 78 76 90 12 29 70 45 5 14 5 75 64 89 15 74 4 50 28 55 85 52 37 13 30 16 61 52 54 76 93 73 62 6 59 48 83 45 32 67 13 40 69 2 5 9 0 3 7 30 43 32 15 45 52 24 41 53 31 41 18 19 98 5 16 53 45 3 2 94 27 12 74 50 66 58 49 13 54 21 31 8 39 96 58 7 96 44 98 76 62 23 6 32 65 35 75 26 73 57 1 
45 15 23 68 15 31 65 23 80 4 45 20 41 60 37 1 83 22 54 61 37 14 42 79 83 62 50 79 70 23 79 95 54 29 16 31 58 30 60 33 92 93 65 9 47 2 14 68 44 68 72 79 13 27 65 42 93 80 63 14 87 75 22 43 98 2 89 23 6 41 39 71 51 73 99 59 79 68 24 67 53 69 70 41 7 89 89 16 45 48 62 82 56 52 63 88 90 9 58 45 6 74 26 13 44 38 38 0 51 13 26 10 77 47 8 25 99 5 5 95 54 7 29 50 62 61 26 51 37 9 51 93 5 29 30 98 36 32 77 40 80 11 43 95 7 60 56 41 61 31 16 62 3 92 44 25 52 56 48 82 5 
65 53 76 43 63 86 61 86 28 78 18 87 59 89 73 18 13 61 66 44 77 10 25 42 42 79 60 70 39 24 52 96 65 62 79 12 42 88 5 26 53 64 72 44 99 48 69 32 52 78 62 99 99 92 61 73 13 33 78 95 58 13 13 1 85 55 92 38 2 79 30 11 2 56 71 34 99 51 74 48 31 49 32 80 14 23 96 18 55 86 36 51 29 41 40 10 92 9 38 84 36 26 66 23 63 75 25 19 0 4 48 85 68 30 28 11 70 93 17 46 29 35 69 82 96 85 14 38 83 14 12 66 57 92 33 95 10 71 10 29 50 30 49 65 56 96 14 85 76 52 24 81 56 93 32 60 66 87 2 96 46 
34 4 49 67 22 5 50 49 88 39 85 44 33 11 27 6 40 70 36 79 6 61 72 79 13 11 17 4 14 82 7 85 49 50 90 19 40 25 20 28 50 88 51 33 34 10 88 73 72 77 82 14 62 29 91 55 86 45 98 54 59 57 82 80 88 11 77 68 38 11 52 97 7 37 48 79 3 72 30 45 17 50 20 24 99 59 47 49 94 80 39 73 34 24 51 60 97 27 58 11 67 66 78 94 63 86 14 37 93 0 99 19 2 70 13 21 73 1 35 23 44 67 1 27 95 69 11 64 20 80 45 33 77 85 6 41 5 67 87 23 24 61 90 79 95 2 74 6 86 69 14 17 12 3 3 99 23 31 11 1 38 
97 10 91 27 2 69 50 16 75 21 96 85 7 21 95 25 68 5 87 6 99 34 83 31 38 77 54 36 15 67 68 79 55 59 59 39 5 35 50 77 57 45 44 60 46 42 74 3 28 43 93 50 23 48 75 6 16 37 37 43 48 36 77 73 43 63 17 93 75 99 40 39 19 96 20 98 72 97 25 46 86 98 41 57 40 65 60 40 62 89 39 49 20 3 18 16 45 82 58 52 27 96 44 75 77 61 50 24 48 37 0 69 55 30 46 52 59 67 67 81 54 1 14 85 20 22 35 69 82 30 49 12 45 36 54 61 4 35 5 26 29 59 26 59 19 10 44 14 33 75 51 65 26 47 89 99 73 3 17 65 55 
24 98 12 37 75 72 11 93 29 27 29 2 1 13 3 51 10 44 51 4 20 49 31 6 76 62 80 57 32 56 97 8 54 83 33 77 14 72 6 82 62 11 94 21 56 93 49 48 47 44 29 25 70 84 13 11 95 6 39 88 15 12 9 29 52 63 35 89 68 54 60 82 14 17 63 60 45 33 9 3 49 48 71 73 1 73 39 51 41 75 53 56 62 59 95 11 48 5 67 38 1 60 98 45 99 63 20 74 6 25 20 0 80 38 22 27 1 43 3 72 59 5 73 86 49 16 28 9 29 47 60 59 3 71 85 81 26 36 24 75 89 70 34 68 32 25 88 16 73 6 78 4 26 17 4 38 37 69 83 64 72 
40 43 81 45 53 51 60 73 31 96 91 11 8 76 47 28 54 4 92 9 14 74 36 87 85 20 45 88 40 45 63 56 37 16 69 30 30 31 37 32 34 96 9 78 6 56 43 60 96 5 9 94 61 56 30 88 24 59 74 64 79 14 87 3 15 26 22 33 38 75 86 52 31 96 18 26 61 54 84 88 77 46 27 24 62 89 8 27 36 97 81 3 13 10 35 16 70 13 95 84 78 99 2 88 38 9 40 23 19 10 84 77 0 41 88 86 65 10 21 59 54 35 39 36 58 90 35 54 38 42 62 41 21 96 48 88 65 42 72 70 73 29 13 39 81 69 97 35 56 3 51 57 38 29 86 2 71 80 90 16 31 
48 51 87 74 83 59 47 54 3 80 59 58 19 11 10 15 52 77 16 44 41 42 33 53 86 47 12 2 79 14 16 7 95 2 1 55 55 15 35 2 78 63 8 73 17 26 54 37 90 82 24 46 90 51 40 76 45 74 61 17 48 65 22 52 28 36 74 11 15 34 85 67 33 30 89 56 10 25 27 80 57 53 16 21 5 64 46 83 71 55 57 49 93 23 3 85 80 60 30 6 19 77 64 74 35 38 31 43 53 1 76 24 57 0 74 26 60 93 70 98 41 7 20 61 22 92 49 33 84 84 62 35 93 7 30 44 86 54 99 68 68 35 47 84 59 84 11 26 76 33 44 82 68 30 86 62 22 11 23 96 36 
14 4 3 13 25 19 85 23 30 46 32 79 22 16 97 46 79 39 59 51 9 78 79 70 66 93 40 97 32 18 95 37 37 11 56 91 99 64 10 48 50 85 45 65 39 40 33 37 65 2 57 24 71 46 57 82 77 5 20 68 46 52 12 24 36 8 96 15 7 33 21 57 11 87 11 56 13 73 85 49 97 7 42 96 21 73 60 57 96 38 4 54 56 51 32 8 24 92 99 68 45 16 94 16 30 65 90 2 32 94 22 61 77 6 0 18 89 99 50 18 98 13 32 85 56 23 21 81 66 78 41 69 99 14 52 19 66 69 88 8 98 1 45 43 19 18 84 7 1 50 27 49 55 46 62 1 27 12 28 99 13 
33 32 30 11 19 22 41 72 83 15 91 65 3 20 2 72 56 14 23 69 6 9 58 23 21 53 50 31 57 10 95 44 98 18 81 40 66 31 70 6 63 32 5 8 40 22 4 98 78 28 10 10 29 40 98 87 26 49 33 45 14 23 64 36 90 14 92 69 7 17 19 21 78 85 28 3 89 75 17 11 61 81 27 38 51 32 86 38 46 97 39 60 85 58 57 20 36 45 30 9 66 85 85 22 28 24 66 79 59 1 22 52 45 62 5 0 16 55 15 6 88 5 41 28 93 9 53 93 8 87 18 3 79 86 85 53 64 94 29 71 59 23 58 52 33 59 53 8 59 61 42 71 12 51 9 65 69 82 7 88 70 
36 43 58 45 27 41 13 42 4 17 72 29 24 29 88 63 16 68 7 88 86 39 81 80 40 55 11 88 78 21 28 22 1 29 50 92 99 16 36 74 93 76 48 13 93 87 46 66 92 17 72 17 51 94 73 35 90 8 61 42 71 6 29 40 31 19 16 91 79 59 13 1 9 16 46 47 27 10 45 71 57 91 62 92 58 99 49 38 22 4 46 95 87 55 52 57 17 30 14 55 40 26 7 59 16 85 27 7 24 49 17 13 65 29 15 53 0 91 75 66 39 21 54 11 17 91 21 75 86 81 86 88 58 26 60 39 81 77 32 74 47 48 55 75 46 3 72 45 10 35 12 41 48 48 99 2 60 38 65 57 63 
10 94 72 25 35 91 35 48 56 10 4 77 47 24 6 74 91 85 31 85 73 31 44 76 70 32 92 3 73 39 61 76 88 67 98 38 2 74 39 19 12 73 45 70 63 43 26 49 9 21 77 52 22 85 65 31 72 70 22 97 35 14 42 52 32 16 3 85 64 31 21 15 52 53 63 14 11 37 13 34 36 83 8 82 45 20 10 56 28 32 41 85 35 81 56 75 82 85 63 69 17 44 9 70 51 93 43 84 6 97 36 52 84 35 41 2 51 0 48 48 44 3 4 86 94 53 45 21 54 7 60 4 55 86 99 61 46 88 67 43 9 75 52 9 75 99 80 39 61 59 70 86 60 58 68 3 23 21 33 54 19 
17 54 80 89 81 65 51 91 81 9 21 34 26 19 4 71 43 98 53 53 39 52 6 17 60 27 71 95 36 78 73 64 29 61 47 1 60 82 97 49 92 67 52 89 48 83 96 84 50 88 34 90 98 8 78 45 27 89 9 53 39 53 30 76 91 43 23 52 76 42 26 87 91 49 40 22 93 46 22 21 82 98 91 23 68 59 18 53 62 47 38 49 84 12 49 69 88 45 72 43 88 69 53 54 11 77 49 93 13 86 28 66 51 99 28 41 75 16 0 25 10 93 51 60 35 17 64 33 37 71 20 82 86 9 36 74 11 68 30 98 38 36 54 48 45 74 39 56 5 93 93 9 7 48 66 69 11 44 70 89 24 
52 49 58 38 18 63 51 69 37 10 33 4 66 24 20 3 32 11 52 47 51 44 63 19 23 29 7 79 96 71 11 79 28 34 61 20 95 16 17 4 92 9 69 18 94 53 14 52 7 77 92 8 5 51 26 45 8 68 34 74 58 98 85 63 11 53 99 73 40 67 16 71 57 94 53 80 16 76 33 78 96 61 80 16 2 63 33 78 65 62 47 8 48 38 18 19 76 84 96 43 73 35 92 4 19 30 69 91 92 10 10 42 73 74 56 92 17 90 85 0 4 12 68 51 67 51 47 7 51 4 72 7 23 8 56 56 43 22 77 95 18 90 49 57 89 44 2 8 98 77 43 89 71 81 58 75 71 34 2 84 13 
57 22 14 56 3 2 26 7 17 85 43 92 24 34 3 78 58 36 91 86 90 21 64 97 37 58 53 39 24 42 4 35 23 86 68 81 82 71 42 51 27 33 76 29 56 56 96 44 55 30 78 1 62 68 49 69 9 38 99 40 67 34 36 63 35 23 53 36 4 34 67 65 80 26 41 79 34 46 37 29 12 92 11 81 67 66 96 84 34 3 16 34 61 3 7 78 93 60 31 77 39 70 22 3 26 62 18 38 96 71 2 4 9 11 11 7 3 67 30 1 0 4 54 40 4 26 74 83 2 35 29 57 32 70 58 18 30 13 8 37 43 28 81 12 94 69 97 42 32 5 91 25 15 42 57 41 65 8 14 86 64 
43 39 49 1 43 11 38 75 57 69 31 98 83 8 27 25 13 1 31 25 96 39 9 5 11 11 78 95 21 93 47 62 87 71 48 20 87 99 23 38 49 84 81 49 92 22 5 84 26 5 65 28 11 65 58 20 18 81 27 71 26 60 50 59 96 1 55 51 52 74 7 44 48 85 77 29 14 91 38 22 15 37 13 83 70 70 7 71 70 77 27 54 89 46 61 50 78 94 86 28 33 4 58 38 48 28 58 69 38 67 85 8 71 73 94 30 69 69 35 85 13 0 70 56 68 6 70 40 66 2 70 34 97 40 4 6 1 78 73 85 69 12 15 21 1 6 46 8 85 74 34 2 51 32 78 15 83 62 38 17 11 
72 29 47 53 44 83 89 38 3 26 27 46 56 11 69 2 97 51 16 8 68 97 65 68 9 48 56 75 48 34 23 5 16 96 66 26 46 83 96 27 65 16 33 76 5 56 68 6 19 70 23 40 75 8 98 51 17 22 55 94 94 65 52 64 21 11 66 73 25 71 51 4 85 18 65 98 68 34 73 89 91 68 95 31 21 90 36 5 55 82 2 73 77 61 85 39 69 54 39 91 41 61 50 54 83 30 56 22 10 16 84 11 39 12 9 83 81 3 68 32 17 83 0 70 7 26 57 68 3 72 4 51 35 87 60 44 61 5 72 41 88 76 50 4 1 34 65 59 45 72 73 92 78 85 65 20 55 42 26 78 36 
77 98 40 67 94 10 7 37 25 63 8 58 36 37 18 13 14 14 83 37 15 22 27 29 77 13 15 30 62 94 10 75 7 26 24 25 92 18 24 48 14 92 51 81 90 99 75 57 22 83 56 27 86 98 26 8 50 37 29 53 73 78 98 12 42 20 95 38 65 38 81 43 25 62 59 42 1 76 21 67 82 94 98 78 54 49 74 38 1 65 94 43 55 13 80 23 30 86 42 21 85 77 3 11 19 72 34 62 13 57 83 74 8 99 81 79 65 12 91 19 60 56 18 0 99 54 81 58 35 78 96 49 3 12 69 62 41 97 34 16 80 19 22 57 51 97 50 19 31 81 18 17 70 34 39 90 69 1 19 7 49 
96 91 95 69 25 82 23 60 57 29 76 29 61 37 38 83 55 20 14 9 50 55 67 34 81 49 79 27 59 88 31 17 13 69 62 43 54 81 19 4 68 73 51 8 74 14 96 11 91 73 67 22 73 1 85 50 47 71 80 18 9 63 53 12 92 4 10 1 37 82 38 42 37 45 93 28 53 25 69 67 16 62 98 23 42 31 46 47 93 33 88 96 63 30 4 22 51 10 36 70 9 38 44 30 15 12 15 58 6 78 79 86 28 16 18 75 32 97 11 36 5 93 63 15 0 48 9 17 92 98 73 13 49 17 12 53 5 98 54 58 43 2 78 35 12 26 41 20 53 92 58 16 38 81 37 9 12 93 36 94 80 
7 15 24 4 1 21 85 15 48 17 92 40 16 13 4 1 30 82 14 53 51 65 53 25 65 17 35 57 85 32 52 98 63 66 35 69 91 68 68 1 76 51 97 2 61 76 51 26 67 2 58 26 49 24 95 2 43 59 12 76 21 65 84 35 15 98 85 45 90 90 96 51 30 77 7 56 21 88 65 69 22 61 84 36 99 77 15 76 7 29 79 51 42 16 19 9 11 4 35 54 99 9 23 52 81 26 85 27 45 14 80 16 11 82 84 66 64 33 32 33 3 92 16 54 69 0 78 47 95 48 35 37 28 27 49 9 46 96 48 89 48 62 34 52 73 8 32 56 52 50 66 41 17 50 16 84 71 75 92 60 39 
83 34 72 42 53 33 59 16 31 40 4 54 71 66 97 27 61 72 5 13 84 45 54 47 99 25 10 39 17 36 3 49 97 42 54 54 91 73 36 69 73 23 4 67 41 38 62 94 99 2 55 93 59 70 39 43 88 41 39 92 77 93 74 20 83 23 48 19 2 6 70 39 82 39 89 81 67 9 46 20 90 14 9 96 17 73 65 86 90 94 58 23 97 56 17 73 95 81 62 37 17 13 84 92 23 34 38 39 59 72 19 43 62 38 60 65 47 17 86 14 74 34 92 99 3 65 0 82 18 3 1 52 9 46 62 42 59 22 73 58 96 73 17 15 49 1 83 95 46 40 28 50 50 92 77 29 80 4 66 61 57 
84 50 32 51 7 73 44 15 76 57 46 79 24 88 47 71 48 88 23 27 37 1 33 18 88 91 88 82 66 57 31 44 32 43 48 1 85 10 9 43 73 66 13 16 3 5 41 91 62 72 51 2 11 26 69 98 63 84 96 28 91 48 47 32 55 57 31 44 70 96 95 22 70 84 93 77 26 13 53 82 96 3 16 7 59 83 77 6 36 99 85 94 98 95 76 61 12 31 57 82 5 6 83 10 54 82 55 37 91 84 88 60 39 78 7 71 50 67 42 68 30 92 88 29 41 43 40 0 61 23 65 89 80 34 73 31 43 91 21 53 84 3 27 10 66 17 53 60 99 21 58 83 34 14 45 39 92 25 47 81 15 
38 16 70 26 95 8 16 13 15 72 17 43 13 30 32 5 49 17 57 98 4 39 94 61 81 64 97 14 67 14 99 38 24 40 15 54 4 28 85 91 83 29 80 45 14 39 29 79 57 4 93 26 94 53 83 20 43 22 19 34 17 50 68 29 84 18 64 84 59 39 4 46 25 78 49 91 87 73 10 53 44 42 17 64 65 85 42 95 28 80 81 94 4 61 83 48 82 44 3 43 16 43 83 20 58 39 11 29 91 98 79 9 97 97 82 63 9 22 9 51 96 27 19 47 33 50 79 3 0 90 73 62 26 59 76 49 56 60 66 13 10 6 14 58 94 54 74 61 44 74 16 83 99 11 70 99 16 47 52 7 98 
66 96 59 18 93 22 67 24 27 71 25 57 4 60 41 65 55 16 42 25 17 76 69 59 25 27 69 70 77 98 82 75 70 10 57 92 51 90 70 8 73 66 33 78 53 67 62 15 47 91 62 67 5 74 95 1 95 97 25 87 38 95 40 23 92 93 68 30 73 39 3 53 84 54 70 19 52 54 67 52 34 80 48 36 36 12 48 19 62 37 90 46 51 44 71 57 91 8 94 49 25 77 57 73 93 85 60 22 80 42 89 48 37 89 84 39 35 40 56 83 36 94 51 2 42 81 83 50 56 0 99 45 78 93 45 97 56 3 49 74 10 58 53 11 64 79 57 60 63 70 36 44 69 73 84 31 70 2 42 9 44 
35 84 76 84 22 51 30 45 6 4 3 6 52 74 53 47 69 21 42 2 6 56 31 74 31 73 24 21 9 46 12 33 82 27 50 20 81 48 73 72 73 58 74 12 52 87 12 19 59 43 27 18 49 55 2 29 57 37 19 57 73 85 76 42 83 12 17 95 76 73 23 68 33 99 93 38 67 58 19 13 27 91 16 71 49 30 96 64 15 97 66 10 36 97 46 5 54 94 40 48 8 95 97 59 8 12 75 89 2 63 61 6 93 67 94 46 63 38 58 17 39 69 52 49 65 81 30 76 61 73 0 82 52 91 61 56 33 30 52 82 68 4 2 21 61 56 32 71 71 55 13 23 85 62 85 56 41 50 59 91 78 
40 92 5 18 87 44 91 11 36 38 71 40 1 88 96 19 45 24 56 30 42 10 89 38 99 37 40 58 53 59 77 48 87 89 32 8 30 49 34 85 75 18 96 14 41 67 4 46 28 82 14 87 43 77 54 67 3 21 50 18 49 20 19 12 76 16 53 89 95 95 21 84 23 68 4 54 68 11 29 18 98 72 98 87 58 93 66 37 85 79 42 80 31 83 60 86 19 12 87 18 7 79 89 33 89 39 2 88 67 48 81 66 25 48 56 41 40 18 32 64 57 9 61 67 48 9 74 54 22 76 37 0 3 1 58 83 14 13 42 93 33 14 19 29 91 9 77 83 82 86 67 91 66 45 25 90 17 45 59 75 24 
61 46 26 1 8 28 82 14 52 84 7 99 23 37 3 52 81 54 57 59 30 19 42 25 74 21 50 20 47 17 13 10 56 13 28 9 41 40 48 74 38 64 27 74 74 13 91 60 24 85 4 50 25 85 43 78 34 36 71 63 30 44 92 57 89 70 39 12 69 27 80 40 77 17 95 68 35 77 18 64 34 87 86 99 33 2 52 81 38 35 61 20 16 76 64 82 58 40 62 77 72 63 96 32 13 8 85 6 58 87 12 15 84 82 6 15 43 43 27 80 63 6 40 2 41 35 30 80 73 67 27 52 0 15 3 22 33 3 12 66 44 27 54 39 86 51 48 72 61 67 43 27 5 28 32 13 17 1 79 24 25 
74 77 46 4 8 21 14 78 90 3 81 79 53 91 86 37 61 74 56 54 24 11 5 46 1 80 63 62 48 10 61 44 4 42 6 70 58 89 43 32 72 84 46 30 97 34 13 55 23 84 26 81 68 5 10 62 72 31 44 2 11 93 36 7 48 74 21 80 96 56 1 71 82 63 32 42 70 13 72 16 54 98 90 80 40 53 91 51 63 13 16 94 76 83 27 59 69 66 59 73 39 43 66 60 15 17 3 43 48 82 67 64 56 2 81 55 28 61 45 92 59 57 63 16 69 3 2 48 73 23 94 63 47 0 27 38 87 45 28 71 75 5 57 83 65 27 67 85 24 40 66 21 41 59 47 44 39 2 22 49 1 
15 85 10 57 94 28 69 49 4 63 93 60 72 98 33 99 46 58 89 84 52 18 39 41 9 29 65 75 61 95 11 70 45 31 21 89 73 32 23 83 28 38 32 14 69 94 82 99 69 81 90 98 63 90 69 37 83 55 14 46 67 92 42 42 16 87 57 12 8 7 34 94 75 21 78 80 8 24 66 76 31 15 2 14 42 3 96 55 37 90 44 58 25 13 91 72 43 60 68 30 97 43 87 39 94 96 41 8 21 14 89 57 50 92 38 90 13 13 39 99 25 70 98 50 81 18 25 45 30 39 75 8 52 8 0 69 75 93 75 82 61 77 71 32 47 64 77 8 75 23 93 71 86 67 13 18 37 96 31 58 17 
97 82 64 52 66 61 43 85 43 71 18 10 65 65 98 97 35 2 44 24 92 32 19 14 66 35 1 13 87 64 61 42 85 85 31 11 48 26 74 22 29 25 33 20 83 97 44 86 2 25 52 11 49 48 85 82 22 57 97 22 10 84 62 12 35 8 51 70 95 60 50 30 95 61 79 74 58 19 54 54 22 65 21 13 66 32 2 69 56 85 12 70 23 92 80 61 8 85 53 84 81 67 35 34 61 86 48 59 27 49 78 32 85 13 75 88 20 1 39 13 37 5 91 86 55 83 92 54 89 42 22 8 24 42 35 0 34 52 59 54 12 51 74 62 91 93 60 73 87 61 56 83 24 86 37 38 88 58 94 13 78 
2 53 70 43 76 64 87 1 93 57 31 2 20 90 7 14 32 8 79 6 7 81 27 18 86 20 75 36 9 52 73 39 94 31 31 46 57 83 8 42 23 58 26 34 48 74 76 37 8 72 38 32 46 96 17 45 3 70 89 53 51 38 51 88 77 73 28 11 51 52 35 48 94 37 89 31 14 32 17 35 74 34 41 63 59 76 10 32 19 21 38 60 24 56 40 54 45 88 66 67 21 9 82 72 80 30 53 5 72 67 93 91 2 27 30 35 53 23 22 68 4 83 50 42 40 80 65 65 42 99 67 85 12 56 69 50 0 96 81 47 76 10 59 64 25 22 16 3 12 2 52 40 37 34 22 61 81 96 36 68 78 
92 13 3 82 90 1 63 43 10 54 26 10 65 45 4 82 16 5 26 24 85 11 39 36 59 78 28 72 34 41 88 60 34 81 91 96 36 85 6 3 42 42 71 12 54 54 40 52 61 39 48 29 49 48 31 90 86 98 50 79 76 23 40 21 9 6 86 76 43 15 87 80 4 98 27 91 96 60 6 96 12 12 14 3 74 90 82 5 83 76 50 63 89 89 22 13 37 17 34 59 62 11 78 28 22 2 43 69 16 25 6 4 43 82 51 7 17 55 90 88 82 94 84 97 64 23 52 91 4 17 57 67 61 46 70 90 8 0 44 55 82 24 81 2 5 41 45 61 50 78 84 10 9 80 39 40 58 4 11 40 33 
76 54 32 48 55 44 1 85 10 63 16 60 45 20 5 90 81 88 98 41 76 47 43 52 21 88 91 6 73 4 98 97 53 80 4 22 88 26 19 9 15 90 33 29 75 48 7 80 22 89 24 6 68 35 90 15 73 22 13 13 57 75 27 46 72 57 86 3 38 3 11 70 85 22 12 13 73 97 74 98 80 98 55 89 29 4 83 95 45 75 29 15 84 70 10 23 37 14 80 29 8 58 65 17 96 15 67 90 18 16 34 74 1 66 82 71 6 27 43 74 96 74 34 95 24 10 42 15 59 23 60 40 35 1 18 85 19 15 0 4 96 48 43 46 54 34 99 38 13 5 76 86 22 46 24 99 1 19 70 72 71 
96 99 24 59 99 80 93 77 27 10 52 73 55 81 65 5 55 19 29 37 22 22 6 16 39 27 50 41 71 86 30 52 24 1 59 59 95 50 22 75 6 12 25 94 16 35 92 68 46 26 63 62 2 24 90 46 24 97 82 56 40 1 27 62 82 57 31 54 86 53 33 55 16 68 16 64 82 94 72 94 97 81 53 8 61 70 76 8 55 76 89 91 6 19 80 65 75 52 92 9 43 73 98 20 67 98 69 61 12 45 27 74 13 80 72 10 24 90 85 62 92 2 24 13 80 90 36 3 21 91 52 16 63 38 45 52 45 58 33 0 76 89 42 59 63 90 43 4 13 71 30 59 89 78 96 3 7 90 42 93 12 
42 66 82 75 88 58 8 33 66 7 99 54 92 1 80 11 84 56 16 98 94 74 37 12 62 26 29 50 12 41 30 25 62 33 29 7 40 82 41 52 6 31 85 60 68 18 27 95 34 30 73 4 91 44 76 77 71 58 47 57 17 69 5 19 22 41 45 8 1 81 99 10 38 26 78 45 81 48 76 26 5 11 23 31 8 86 52 67 99 20 56 37 97 59 63 1 2 73 63 40 41 72 17 22 87 53 56 52 54 63 60 44 68 9 3 84 89 19 74 39 89 55 56 27 29 83 42 24 36 9 67 33 51 93 70 84 70 43 33 75 0 67 78 56 64 39 11 27 52 34 72 55 70 96 13 87 62 52 84 3 53 
41 51 56 66 62 69 55 75 30 11 32 33 63 38 1 2 21 77 71 78 55 88 5 71 47 96 19 90 39 46 80 36 47 60 6 18 22 54 28 81 4 44 16 85 14 22 79 81 42 13 54 47 95 36 20 7 66 89 17 11 56 19 87 51 3 11 15 94 88 25 92 22 31 29 13 63 39 43 18 13 38 47 58 58 88 63 61 65 23 20 19 1 8 95 44 40 92 88 56 33 7 24 32 99 45 88 94 91 30 83 60 8 66 61 43 87 69 82 47 26 9 50 79 13 98 18 66 11 3 52 14 28 33 38 60 52 18 4 37 84 3 0 32 2 64 42 31 98 7 48 54 16 42 36 24 36 59 20 34 7 29 
85 56 11 87 7 71 54 59 12 30 27 5 85 41 56 23 38 7 15 11 34 88 75 84 73 41 47 69 50 43 25 62 38 41 4 69 54 98 67 77 62 3 99 40 7 77 17 37 90 33 84 48 44 79 6 85 84 7 46 20 34 45 4 66 48 32 98 6 89 51 32 19 62 14 20 38 4 14 82 34 54 45 15 90 88 29 26 32 37 37 22 11 32 45 60 4 80 99 8 59 2 98 70 24 60 28 5 97 94 8 62 50 30 13 81 88 2 23 63 35 34 78 47 54 64 73 19 29 9 56 38 33 16 10 21 44 83 52 32 89 48 9 0 69 76 63 28 95 27 18 44 29 88 85 50 32 18 5 64 37 29 
32 55 34 94 97 26 44 9 55 74 93 10 76 9 56 14 23 33 48 78 97 42 88 93 29 78 33 45 41 31 94 72 50 78 32 57 44 53 61 16 85 66 61 26 99 40 12 16 35 54 57 88 61 17 48 26 78 16 69 98 39 59 96 32 86 16 34 25 88 95 43 82 40 55 2 76 43 9 41 82 99 36 64 10 35 33 76 44 82 4 55 56 12 65 93 52 82 45 86 3 24 72 21 82 20 52 67 23 12 37 2 89 32 93 81 50 4 84 94 44 58 76 46 25 74 71 65 61 77 23 4 5 47 58 8 23 62 49 52 45 76 85 97 0 50 56 97 79 15 56 65 41 7 96 33 20 34 22 90 40 48 
72 76 37 42 51 11 34 40 11 71 15 65 58 38 32 21 64 24 88 76 30 85 81 66 17 62 30 80 82 74 53 54 59 53 20 89 52 17 48 15 24 90 91 76 8 70 83 32 21 12 45 26 12 95 97 48 10 45 83 80 84 26 24 26 65 75 74 19 55 55 36 27 61 71 16 72 88 31 30 68 10 15 53 27 4 7 94 64 37 66 93 24 15 20 76 62 92 11 18 7 67 93 48 16 38 21 46 31 39 26 59 2 96 85 60 34 19 75 88 8 62 79 3 86 36 57 29 85 2 35 8 19 65 50 27 37 26 67 28 52 73 50 4 68 0 8 42 56 14 38 7 40 28 32 95 18 21 65 98 28 97 
22 52 89 19 68 92 68 35 3 68 43 2 13 64 75 52 26 71 25 60 87 81 26 92 5 4 38 42 23 79 85 19 92 25 2 98 27 39 41 62 81 71 97 14 17 78 16 31 26 26 34 82 99 39 44 46 11 25 5 50 30 13 70 14 49 68 54 81 54 60 27 81 32 68 39 46 41 14 34 19 88 93 13 37 74 60 55 87 98 30 98 96 26 78 87 17 71 88 9 25 94 2 24 87 76 30 82 90 51 73 19 23 46 96 62 4 7 74 82 30 14 62 60 60 13 90 84 37 60 51 22 17 29 67 39 62 15 82 8 45 95 43 52 91 84 0 80 50 94 85 81 18 20 90 98 7 39 31 28 83 60 
52 76 25 71 8 25 55 64 84 55 90 72 19 84 35 45 75 79 26 43 86 14 43 53 74 97 98 74 31 66 65 58 80 11 65 96 93 10 60 60 66 37 79 4 15 60 26 88 4 5 34 14 25 9 52 79 42 12 42 60 91 12 39 42 17 96 10 90 71 67 34 74 28 37 62 4 16 94 88 84 38 53 27 10 30 63 3 49 37 54 54 51 54 3 22 13 38 21 95 57 69 93 19 19 15 8 24 1 53 83 14 76 7 74 17 63 87 89 96 76 23 95 30 77 56 18 14 45 25 14 85 31 89 43 68 1 64 76 82 7 40 72 42 54 10 64 0 57 1 40 13 55 83 87 23 80 79 11 71 94 84 
21 31 27 32 28 94 54 79 44 57 83 77 21 7 46 1 88 77 6 96 29 17 68 14 67 85 75 64 18 43 21 10 52 85 23 37 89 12 89 75 43 25 82 85 22 63 77 66 55 84 37 91 42 10 70 95 86 35 72 67 64 71 38 10 63 29 70 72 46 7 68 6 21 99 82 33 76 85 59 71 81 28 27 20 72 35 8 1 23 79 42 28 37 97 68 97 60 13 6 92 75 49 55 12 55 55 56 46 13 78 9 89 18 60 89 99 37 80 30 7 79 22 2 53 98 7 51 16 67 58 64 55 98 50 92 87 19 17 71 42 70 92 15 45 50 93 79 0 62 19 25 85 15 49 83 12 57 51 51 95 70 
7 69 63 10 40 66 76 81 80 55 96 46 89 43 9 6 94 82 77 51 22 87 78 85 94 57 66 8 95 97 8 48 70 32 59 35 94 25 21 67 29 37 90 25 21 24 73 47 41 10 74 33 12 10 58 10 84 35 85 8 93 53 93 20 79 37 31 63 39 66 37 38 19 65 20 50 66 7 12 67 77 97 96 50 63 49 63 39 14 4 1 50 77 24 41 90 67 17 30 95 98 67 8 83 29 46 27 4 52 64 64 68 77 67 65 78 84 15 78 97 97 56 51 96 7 7 39 95 24 45 70 54 17 69 9 89 56 86 2 71 29 27 11 4 25 4 62 59 0 23 78 4 33 19 23 90 30 78 33 57 44 
47 65 22 91 46 15 99 24 92 40 90 66 58 99 48 41 54 36 61 87 18 83 75 81 92 54 26 48 65 97 85 13 4 47 27 1 54 52 92 30 55 40 16 93 20 33 43 46 18 69 98 76 18 76 3 18 61 38 40 16 53 90 51 72 57 18 48 70 48 10 61 62 12 6 61 40 19 61 6 18 72 24 70 91 13 60 20 29 6 57 25 11 8 82 8 71 43 15 26 71 51 52 71 22 43 64 18 92 91 65 88 9 91 27 55 53 83 54 17 5 37 63 66 62 17 41 67 53 11 92 33 43 72 57 39 49 77 30 53 9 6 96 44 70 73 43 92 42 39 0 10 93 88 17 33 38 33 93 32 76 4 
50 51 96 94 61 23 62 61 11 32 98 58 62 38 51 86 16 8 90 86 74 84 59 18 78 18 7 21 37 93 87 9 25 38 49 53 46 92 20 83 19 86 86 11 89 18 98 84 17 49 91 88 97 5 17 23 81 42 11 78 3 29 11 65 62 11 35 67 41 84 10 19 66 68 59 25 39 82 43 53 96 91 55 50 85 62 91 85 40 66 21 4 2 38 92 43 84 75 60 47 35 34 9 89 7 46 55 24 2 33 20 19 86 98 33 99 24 66 40 83 82 2 11 2 77 78 19 46 95 33 59 51 98 82 87 51 31 3 91 63 87 94 81 75 59 33 83 88 62 32 0 52 93 85 33 47 15 39 94 93 2 
10 85 28 75 58 82 16 61 52 27 62 54 52 38 73 35 24 97 63 56 96 12 7 84 62 27 25 41 1 17 9 11 48 30 46 35 12 86 95 12 86 2 61 90 81 57 63 50 22 15 31 82 40 97 44 60 1 60 56 2 75 69 66 28 31 6 8 28 7 59 82 81 49 36 11 73 31 54 68 96 64 86 99 5 21 35 23 72 46 71 81 37 55 83 36 92 29 51 68 96 55 43 86 87 19 50 33 41 73 33 35 44 20 48 36 64 94 56 32 25 71 54 83 55 94 31 54 55 35 40 65 10 26 56 14 43 14 95 32 24 28 54 28 17 81 59 84 13 45 62 91 0 51 55 77 56 77 93 98 91 27 
83 63 79 43 73 37 33 62 1 84 95 67 22 96 38 50 52 72 12 85 41 56 6 67 15 5 46 9 65 32 67 8 21 62 98 30 51 43 58 28 14 77 80 49 4 96 98 54 1 91 13 42 7 2 70 77 88 65 87 99 66 84 13 89 79 9 8 30 93 1 11 88 52 5 52 14 53 43 61 65 78 23 13 28 4 5 25 59 37 71 71 46 53 96 93 93 6 18 83 11 41 44 14 57 19 43 23 7 52 9 14 34 21 11 6 66 68 96 36 50 38 21 20 94 44 54 99 25 61 47 82 71 21 22 70 29 95 50 3 28 52 10 54 83 29 44 1 66 57 60 76 27 0 94 7 49 56 81 76 5 16 
60 93 16 18 72 65 30 65 33 57 50 22 72 80 8 47 27 96 1 12 14 83 5 44 83 64 36 97 95 13 5 21 71 59 54 92 27 39 19 59 97 52 35 82 75 10 87 35 12 28 90 56 46 78 12 83 33 81 88 7 65 92 7 88 17 42 57 55 83 32 9 89 4 33 25 84 19 39 62 2 94 65 70 87 6 53 83 45 79 52 85 70 61 16 60 49 36 51 97 53 68 47 44 23 17 40 60 92 75 41 39 58 45 75 51 12 89 63 61 29 47 42 41 32 57 54 92 63 95 53 41 35 78 2 47 16 16 47 19 29 39 11 71 28 68 49 26 9 18 78 14 18 24 0 29 58 90 99 18 70 92 
99 10 58 71 59 99 97 93 87 83 61 38 62 29 97 8 93 56 34 63 81 89 69 84 12 75 36 93 61 39 65 87 20 99 48 9 20 8 38 17 29 10 85 65 45 55 25 32 31 41 70 15 21 5 22 34 53 2 74 88 43 92 10 46 17 71 38 19 82 3 45 77 61 3 27 43 5 13 19 13 35 2 90 43 19 97 19 60 20 3 57 89 32 12 2 53 7 55 12 31 72 27 1 91 81 39 54 40 80 34 93 19 12 49 17 39 30 50 75 89 77 13 83 37 67 85 71 69 97 40 98 25 80 1 93 82 72 61 85 34 65 47 15 81 29 98 29 47 72 52 4 10 30 35 0 38 73 96 43 82 92 
94 59 90 80 85 88 29 8 68 19 89 29 42 48 30 56 5 14 89 8 45 47 16 94 83 13 48 98 10 55 14 83 60 30 23 85 13 30 70 41 24 54 4 32 63 72 65 82 47 98 68 44 14 17 68 64 60 21 94 76 32 24 23 7 32 93 29 14 77 58 43 82 8 50 61 53 86 73 21 55 90 83 87 32 72 79 28 91 20 2 87 2 29 5 36 76 59 39 3 96 14 94 85 8 59 51 34 41 19 19 35 15 46 79 65 33 37 1 69 73 77 89 39 66 74 90 20 90 40 93 94 76 91 56 11 82 44 22 91 75 13 36 94 65 66 52 3 16 86 62 48 82 34 63 96 0 98 27 26 74 14 
34 41 2 52 95 20 70 75 88 37 46 66 70 64 78 17 61 14 7 83 11 95 25 68 81 89 24 76 7 81 81 89 4 92 46 54 27 50 31 17 39 96 21 67 91 77 47 53 7 89 47 88 95 96 37 19 42 40 51 21 9 46 32 23 37 47 21 58 52 22 69 11 37 30 52 64 92 85 56 29 90 72 20 38 20 83 58 61 99 44 95 95 82 46 62 49 10 15 69 6 4 9 64 38 90 44 63 81 69 58 63 34 72 45 24 96 16 78 78 36 65 7 10 79 77 98 21 74 42 72 71 82 98 15 18 59 27 28 98 39 71 90 63 38 99 72 74 73 48 42 97 40 33 12 9 58 0 19 41 71 92 
69 39 79 12 56 64 70 30 18 82 79 91 59 85 48 72 2 7 13 31 79 63 70 55 93 12 14 26 95 41 71 36 66 36 92 31 48 65 44 80 7 81 70 44 90 67 59 22 52 92 79 43 19 96 12 26 53 14 72 85 71 85 83 16 88 40 7 30 75 54 45 89 58 22 40 73 30 6 85 77 6 29 1 83 13 60 68 87 8 25 24 2 68 71 53 67 83 54 68 58 44 12 61 76 18 12 32 4 41 54 4 12 68 2 52 23 54 8 48 30 35 20 52 82 81 15 71 80 51 62 90 47 17 77 4 76 43 47 29 70 3 13 45 61 46 7 75 58 20 59 26 99 57 72 28 1 46 0 91 91 29 
91 42 59 66 25 47 4 25 68 80 56 33 50 22 1 8 66 30 36 64 82 43 33 15 4 17 32 72 97 27 42 8 67 65 10 57 63 30 60 47 27 65 16 96 97 9 19 6 38 64 82 58 76 74 23 38 92 54 91 58 10 60 29 42 77 65 79 59 31 87 28 4 17 52 82 72 88 16 23 13 32 5 8 12 62 5 43 56 31 21 71 53 72 10 70 90 29 88 61 85 33 72 8 99 43 13 11 19 6 10 94 5 92 95 53 61 26 70 6 39 20 10 62 53 38 29 33 27 51 53 53 68 6 39 27 6 48 68 67 6 5 52 70 91 98 47 76 46 11 59 37 40 7 87 16 37 71 84 0 11 92 
53 49 55 12 45 73 8 56 59 13 52 90 59 53 5 39 96 29 28 63 56 64 26 39 86 48 87 62 8 73 81 42 5 73 82 96 93 36 85 80 26 40 49 26 54 25 72 13 32 39 22 1 5 7 49 8 60 93 37 96 34 78 13 68 61 89 50 15 91 11 16 30 85 58 79 95 42 56 35 91 88 49 67 87 50 88 56 21 59 35 38 72 95 63 63 1 94 93 58 44 19 79 19 1 9 49 81 48 30 65 27 21 82 31 44 99 83 36 52 38 29 45 27 62 43 49 40 28 21 71 21 15 48 25 90 55 10 84 4 54 52 63 38 8 83 63 11 74 81 60 32 72 35 52 9 58 93 41 29 0 47 
19 78 16 48 55 69 36 19 75 3 78 30 49 96 30 48 57 4 18 64 51 44 37 64 1 99 43 66 44 19 15 14 48 26 80 1 20 8 19 15 26 72 58 57 59 25 31 24 50 29 17 46 89 5 10 95 76 96 99 66 16 28 11 77 16 13 93 2 93 91 64 93 57 3 77 92 28 80 15 49 27 67 43 21 61 40 6 93 71 15 92 35 39 47 98 76 33 21 45 53 81 16 15 99 68 94 88 9 9 37 47 50 57 4 7 63 14 3 82 30 2 65 85 77 48 20 21 38 88 48 57 62 73 32 53 10 73 68 88 26 47 9 17 87 80 4 34 94 50 26 50 8 16 82 96 16 63 25 45 60 0 
