15 3
3 2 3
0 21 43 69 11 67 16 63 37 90 95 92 85 28 44 47 98 34 64 86 51 19 14 29 55 36 76 40 51 64 77 
5 0 60 75 56 23 16 65 15 15 6 21 2 36 45 50 54 97 58 56 66 53 8 69 54 50 33 30 86 14 40 
21 82 0 89 31 60 73 71 19 1 31 55 44 36 74 15 88 64 35 95 18 23 96 55 14 96 93 96 1 60 3 
39 97 73 0 27 22 80 36 28 83 17 50 26 33 80 20 26 15 66 10 65 29 10 84 57 34 41 85 17 94 25 
82 66 8 9 0 61 35 92 18 11 36 88 19 82 53 74 9 33 52 11 26 53 64 43 18 94 72 75 4 44 62 
50 16 53 75 84 0 29 76 14 16 4 37 5 57 28 5 6 25 90 18 69 50 86 9 27 23 94 64 43 42 19 
21 39 4 60 30 86 0 10 83 14 39 50 75 86 28 85 11 97 38 63 5 14 3 1 86 79 1 28 62 74 95 
77 58 12 98 10 6 68 0 28 57 79 55 9 89 71 54 68 80 85 4 48 1 76 30 56 6 70 71 65 85 58 
28 16 3 33 99 87 84 16 0 64 78 94 50 56 59 39 6 32 15 41 56 16 56 60 20 88 8 39 14 53 10 
34 47 12 90 87 16 4 6 65 0 3 31 33 38 61 98 8 84 39 40 53 42 22 77 58 59 66 35 15 59 8 
2 25 43 2 23 13 9 26 14 29 0 1 98 68 46 17 5 62 49 44 7 58 79 9 65 15 53 42 46 11 59 
63 1 27 49 29 41 25 62 48 74 13 0 19 3 55 76 40 79 59 89 13 98 33 67 50 79 68 17 34 99 21 
70 95 74 98 15 67 64 12 15 4 67 81 0 12 37 1 72 94 29 54 71 77 32 30 46 1 73 56 19 35 17 
12 86 27 59 54 9 32 33 18 18 64 6 94 0 8 25 66 37 25 6 14 35 59 95 89 50 69 43 91 86 36 
73 9 97 38 62 17 80 73 60 57 29 51 1 23 0 97 70 4 11 92 36 25 39 55 73 39 49 94 58 21 33 
64 85 64 58 62 12 54 41 37 93 25 40 56 78 50 0 78 46 7 33 22 41 89 46 86 67 5 44 96 60 83 
12 2 3 26 37 91 80 43 21 50 20 80 55 36 65 94 0 25 92 54 6 4 61 42 56 96 25 28 65 98 74 
62 72 61 43 36 18 25 72 73 51 91 54 42 76 20 99 93 0 78 1 96 28 36 31 23 67 72 74 81 45 31 
10 86 35 22 89 75 41 59 46 11 15 97 69 95 1 20 57 20 0 33 2 47 37 83 95 16 7 14 12 35 73 
50 33 54 26 42 81 7 19 48 17 56 63 33 7 61 18 24 28 77 0 2 51 42 63 74 96 38 85 14 3 61 
22 80 75 32 20 34 70 54 55 64 23 69 16 97 74 23 59 87 90 86 0 15 39 61 17 93 74 13 56 57 94 
6 48 29 73 38 71 52 6 67 90 57 12 84 23 36 97 68 53 22 58 93 0 98 24 9 26 33 6 16 36 3 
11 86 97 69 28 19 14 94 61 74 10 38 14 32 99 51 71 93 65 78 26 74 0 60 92 32 29 21 52 22 69 
31 77 71 51 80 96 39 70 61 10 58 22 34 51 79 63 12 94 85 9 4 72 93 0 67 70 9 46 9 24 31 
20 29 51 41 72 57 32 79 20 30 85 83 76 77 62 62 38 73 30 89 30 86 93 29 0 71 82 77 93 27 64 
68 31 73 34 97 62 39 75 74 44 66 95 5 42 43 44 17 72 16 70 15 81 94 8 81 0 87 27 51 11 49 
18 23 81 40 77 31 79 59 30 3 63 82 84 17 1 42 51 44 22 20 16 59 49 44 16 59 0 14 45 53 31 
13 39 23 23 55 8 19 52 21 62 23 56 14 70 79 76 35 3 38 30 36 32 97 62 90 60 47 0 64 23 53 
29 70 48 65 68 39 60 78 11 29 37 31 8 54 6 56 4 79 64 33 46 27 92 94 8 33 8 22 0 94 82 
18 40 38 72 21 20 68 56 57 52 74 84 94 86 14 75 94 99 80 97 91 20 29 18 56 53 6 58 95 0 46 
92 87 80 46 90 17 99 42 60 95 15 65 4 11 60 57 21 84 46 15 89 18 25 37 55 78 58 29 87 74 0 
