0 7 49 72 91 18 25 53 38 95 95 81 7 14 77 18 13 80 7 74 88 49 10 51 10 98 34 92 97 47 68 34 91 49 25 90 54 55 73 59 22 95 59 43 3 15 71 6 69 38 40 
51 0 65 91 34 58 33 6 59 73 56 37 95 76 61 98 52 63 66 92 47 20 76 20 33 33 9 38 55 81 88 82 75 47 28 70 90 7 72 92 72 57 67 76 90 3 58 31 84 39 51 
85 89 0 47 29 38 95 33 27 26 28 92 13 12 41 75 9 48 28 86 72 83 16 41 58 23 89 26 74 95 46 17 41 56 81 23 56 93 7 91 34 74 34 75 12 79 60 16 51 57 74 
25 45 85 0 54 96 75 63 51 24 28 42 54 27 85 30 30 60 47 62 77 61 24 50 51 20 74 23 94 26 44 28 47 41 95 50 75 20 47 71 72 40 76 69 39 96 4 23 84 61 90 
92 3 53 54 0 9 85 96 65 15 27 78 69 67 41 83 49 94 36 1 21 29 30 19 59 56 3 32 22 22 32 87 84 7 95 48 98 20 90 74 66 76 48 85 31 23 83 50 86 37 42 
74 75 87 11 99 0 49 68 77 55 91 46 17 28 82 57 81 53 35 91 33 66 46 69 78 85 42 49 62 75 31 53 56 52 58 69 25 36 6 63 76 15 53 34 77 44 75 4 65 59 87 
9 89 1 27 65 64 0 35 7 36 28 90 42 66 82 18 26 39 65 41 95 55 84 21 44 26 39 2 18 40 1 85 78 63 69 25 88 26 1 57 85 86 58 35 41 73 11 37 44 3 15 
54 16 51 47 7 43 66 0 90 73 94 68 64 21 91 61 34 14 59 30 28 11 45 3 71 11 58 13 55 26 62 90 1 45 50 79 68 83 62 38 91 73 95 99 91 99 61 33 97 66 53 
18 7 5 30 51 30 32 20 0 59 98 14 54 53 96 36 80 11 1 23 88 93 92 13 33 70 6 94 75 53 50 8 55 8 38 63 8 22 38 90 51 33 79 31 89 95 43 5 37 60 17 
80 7 2 60 28 17 97 13 7 0 57 44 38 99 89 33 78 56 41 25 60 62 80 22 45 16 81 63 37 95 43 44 62 30 1 3 71 99 93 55 15 11 83 8 2 24 86 1 19 43 36 
6 92 99 96 63 58 51 51 72 26 0 78 87 82 6 61 87 65 50 27 1 89 48 92 39 48 77 7 68 46 5 52 70 15 51 50 69 58 19 15 47 54 44 98 44 95 79 87 32 66 99 
73 96 47 91 26 84 5 31 61 10 84 0 68 94 47 64 71 64 91 97 37 81 63 42 98 2 12 60 84 67 76 97 84 50 59 11 68 89 27 96 66 76 44 26 35 59 81 78 19 37 43 
15 75 49 95 91 91 22 18 60 10 62 16 0 62 17 60 22 57 65 45 72 47 23 73 86 11 63 29 57 1 84 33 50 17 86 36 71 29 41 61 28 85 9 41 60 70 84 75 14 24 71 
48 92 98 87 16 61 12 93 69 68 71 37 3 0 3 38 42 69 81 37 19 98 47 84 78 74 31 33 40 63 3 6 79 84 44 62 96 40 32 46 88 24 61 1 1 86 36 73 57 51 59 
54 25 6 41 55 62 53 4 44 47 37 25 10 73 0 40 47 65 28 79 34 3 22 29 9 68 7 57 43 84 97 96 92 92 63 64 91 17 63 12 49 96 71 76 70 95 31 72 66 81 84 
39 73 80 5 50 55 5 29 82 7 58 88 17 38 17 0 69 84 16 54 99 80 99 40 19 22 41 38 52 77 63 68 68 43 80 49 31 23 60 47 67 35 5 84 7 63 53 91 56 61 99 
65 55 79 9 6 93 26 28 62 63 92 76 99 46 73 5 0 33 57 63 17 51 78 24 20 50 72 32 86 29 54 20 29 25 44 22 51 58 53 52 37 62 68 24 1 17 2 95 43 77 30 
24 15 71 64 16 6 6 63 46 58 99 80 44 63 64 99 24 0 89 96 93 28 11 17 37 46 90 80 55 84 65 62 35 10 26 54 31 94 11 68 66 54 13 66 30 81 56 20 22 33 10 
58 92 78 84 46 29 12 8 80 90 47 49 37 52 51 49 68 93 0 1 9 14 60 28 98 71 7 30 95 61 64 56 6 28 63 96 43 10 93 48 84 50 90 62 39 3 33 43 7 65 4 
6 28 74 16 37 9 84 10 72 96 37 13 99 88 48 50 42 22 67 0 65 2 2 88 86 26 87 69 27 55 4 15 63 29 14 69 97 81 58 40 10 83 81 94 48 88 4 3 77 18 3 
73 36 24 44 10 80 68 51 38 2 28 80 48 18 21 1 76 28 68 8 0 37 24 86 5 23 33 70 61 58 14 21 45 34 61 79 84 68 48 74 55 41 96 63 76 26 28 96 28 8 30 
54 79 9 70 13 78 54 76 66 40 68 74 52 47 59 72 97 62 5 33 73 0 77 4 35 31 80 66 5 11 72 40 4 94 65 21 87 18 34 38 30 87 78 65 90 86 34 65 50 14 15 
52 99 24 61 92 20 17 90 47 53 87 74 92 4 51 62 77 53 11 14 91 10 0 70 73 12 99 53 19 56 35 87 10 89 43 72 64 50 40 18 44 26 33 94 93 27 89 61 27 71 21 
8 77 68 22 83 33 11 96 10 72 36 84 64 54 60 65 95 23 92 23 19 36 24 0 42 63 71 9 59 89 86 79 92 56 53 15 40 47 59 46 18 57 25 35 20 54 47 42 30 68 98 
34 51 95 39 19 67 41 63 17 67 27 21 45 53 63 8 60 14 67 26 11 61 39 83 0 22 92 88 59 20 42 7 11 69 57 29 93 19 4 22 89 87 76 46 69 78 42 37 93 77 49 
97 12 78 64 31 34 94 99 6 45 37 46 2 11 60 15 72 17 10 85 1 13 72 51 40 0 65 4 15 91 23 77 95 57 7 14 44 75 16 79 72 29 61 13 11 11 70 17 28 50 77 
4 30 84 75 92 54 18 95 55 99 17 96 47 26 70 99 94 34 3 96 88 41 6 58 26 17 0 41 24 51 68 78 57 1 9 32 97 12 20 55 22 23 12 65 22 18 19 20 81 29 49 
64 17 18 94 90 4 61 16 98 31 72 30 4 68 35 11 99 43 36 49 34 83 19 88 26 76 40 0 75 47 18 75 76 6 80 13 71 24 12 94 57 90 23 31 63 32 61 4 98 86 94 
94 14 78 46 80 72 92 52 92 46 48 42 69 54 57 4 58 64 57 27 71 17 10 76 82 93 92 98 0 35 83 48 32 4 85 58 72 58 67 15 57 31 87 7 81 80 64 73 95 45 75 
13 77 52 79 43 95 41 37 52 34 79 75 83 39 2 7 36 84 54 94 94 29 43 59 42 82 10 23 7 0 84 13 46 74 69 31 65 36 22 73 68 37 84 54 85 88 19 34 36 24 72 
1 46 99 82 78 13 89 45 96 17 15 4 69 36 31 90 10 8 90 7 15 66 14 67 22 40 36 62 45 36 0 70 97 69 18 71 82 80 18 77 11 64 77 76 67 71 67 97 30 69 70 
23 41 6 54 58 45 13 18 2 88 37 34 95 24 14 88 98 85 67 90 53 71 21 84 13 77 35 88 56 45 86 0 37 96 41 83 54 97 99 73 91 71 35 38 13 88 21 45 80 33 87 
29 69 65 99 76 1 10 77 45 75 32 2 90 36 26 49 27 24 52 89 54 17 88 38 15 5 73 36 95 65 57 90 0 19 9 69 41 55 30 97 79 94 91 55 89 24 9 74 32 10 19 
69 60 39 84 22 67 81 92 29 15 66 51 85 34 49 50 67 98 16 47 96 73 71 45 24 98 11 47 71 73 32 42 28 0 67 70 68 95 89 32 53 48 12 89 21 12 11 68 99 99 24 
67 42 63 30 97 43 50 65 61 33 53 49 27 82 19 41 3 95 46 70 26 35 85 9 47 80 79 95 9 91 48 91 73 44 0 24 51 1 61 95 55 8 26 33 16 77 3 82 53 69 91 
73 46 57 55 32 77 51 18 48 80 29 32 96 29 4 64 60 62 64 60 25 98 23 43 63 14 61 71 77 92 51 20 77 84 15 0 86 1 43 70 60 24 67 62 90 26 61 44 26 21 63 
39 70 49 17 87 5 64 44 81 92 8 59 30 74 50 85 41 16 28 84 74 36 67 26 36 82 94 44 18 35 46 92 89 77 68 91 0 80 18 31 38 68 45 49 93 33 61 84 14 75 46 
5 77 7 58 60 53 64 60 15 29 89 67 97 72 95 12 73 74 92 94 26 64 74 32 59 57 89 1 4 21 25 1 10 89 4 74 52 0 47 19 16 43 56 80 39 50 88 34 25 70 20 
71 67 16 46 81 2 1 11 27 35 73 59 8 10 74 33 6 35 91 2 2 25 94 1 40 27 57 63 18 24 6 33 62 83 14 96 79 24 0 58 44 49 54 89 6 57 59 23 71 2 75 
41 10 90 74 34 89 93 84 4 57 58 74 21 43 78 78 48 44 60 40 55 79 88 38 85 92 87 13 80 2 87 64 38 43 12 1 97 27 92 0 70 91 1 21 91 4 45 48 80 36 92 
65 84 96 88 88 87 68 25 41 93 74 78 27 76 80 79 35 77 60 22 98 36 67 1 11 18 41 61 29 9 26 33 73 55 55 77 14 92 33 19 0 89 31 20 64 55 68 71 82 33 43 
85 99 95 82 3 69 67 10 1 95 18 1 87 77 70 95 58 16 18 53 57 52 53 97 12 89 99 14 74 21 32 96 71 56 70 89 58 71 97 44 20 0 50 4 1 2 31 73 53 18 13 
89 19 80 13 14 36 7 37 99 95 10 5 7 2 23 2 28 45 50 93 91 37 68 65 62 18 50 73 12 62 70 25 8 13 71 15 77 46 91 79 14 28 0 54 69 32 22 61 63 23 3 
7 80 98 13 33 82 20 2 64 9 41 41 11 88 72 4 30 93 53 92 38 59 9 31 93 62 85 38 18 46 52 32 38 15 66 26 91 21 43 56 30 89 99 0 31 9 74 10 71 14 45 
82 86 90 80 64 54 10 66 84 66 69 63 57 55 22 59 78 40 86 96 4 83 84 95 71 48 46 62 56 99 41 2 40 36 4 19 87 58 94 4 87 23 5 3 0 43 22 11 66 56 61 
17 46 5 70 71 42 48 58 14 40 63 70 50 6 78 85 72 34 10 67 4 55 70 39 18 37 42 35 85 74 23 5 3 33 99 16 44 87 29 43 45 29 37 65 52 0 42 70 39 43 40 
38 76 27 65 81 20 31 59 41 38 75 72 3 81 96 62 4 90 20 71 61 24 3 1 94 93 34 65 27 6 1 78 91 59 28 53 80 99 4 13 56 51 35 70 43 30 0 6 93 64 40 
62 89 28 24 34 51 53 29 39 78 87 94 83 24 94 63 34 66 84 46 3 46 45 67 59 35 72 99 62 97 72 3 60 9 15 54 57 19 2 29 72 15 76 26 93 68 30 0 83 66 2 
50 96 58 1 19 67 81 8 60 58 74 23 83 63 54 1 66 50 65 51 65 33 74 61 30 37 81 74 19 87 72 52 12 65 74 72 91 59 29 25 70 93 34 69 42 68 78 23 0 12 56 
27 64 4 76 4 49 65 40 42 31 41 10 10 34 54 96 66 24 81 8 53 90 93 58 33 89 30 76 58 33 63 58 22 68 91 39 52 33 91 5 45 70 27 87 67 74 10 87 83 0 56 
45 67 78 45 51 42 69 4 16 15 29 30 18 60 69 86 44 29 74 1 34 94 43 75 44 75 90 80 41 97 29 92 69 42 21 77 20 98 92 44 49 55 37 29 85 60 74 72 15 50 0 
