0 37 34 66 44 75 55 81 5 95 87 48 19 41 51 11 84 75 96 73 78 
18 0 49 30 45 87 48 98 51 99 25 91 21 32 63 13 80 73 29 95 39 
58 46 0 59 14 10 70 32 56 54 64 38 34 82 35 92 9 1 21 60 48 
32 38 65 0 88 8 83 21 54 33 66 33 87 14 6 95 24 46 19 62 75 
65 36 5 46 0 11 10 43 39 56 62 96 28 25 86 24 65 95 34 35 2 
75 75 44 39 96 0 37 19 59 56 43 61 46 78 81 97 94 78 69 30 82 
83 9 43 18 88 7 0 89 50 51 27 55 6 73 70 38 60 86 73 36 74 
45 9 15 24 69 85 99 0 24 71 57 13 59 46 29 66 69 90 25 31 14 
32 48 21 5 31 31 62 50 0 38 40 40 70 77 61 15 72 28 38 18 55 
87 80 38 3 72 29 64 6 93 0 67 37 24 45 53 33 35 2 70 64 82 
46 16 51 97 42 78 84 50 56 88 0 84 9 10 60 10 40 97 22 50 89 
80 92 3 79 38 54 71 13 49 32 73 0 61 88 26 73 66 89 9 12 11 
22 9 40 94 95 72 81 61 40 25 78 42 0 68 63 26 92 42 51 59 26 
66 33 10 28 50 75 87 91 49 69 99 70 28 0 41 75 59 71 78 95 77 
18 5 45 30 7 74 91 20 6 27 52 37 48 2 0 30 21 81 42 46 98 
2 97 36 19 30 29 86 25 97 83 91 9 50 58 89 0 83 29 32 40 95 
47 30 92 51 4 85 87 70 53 93 86 64 95 47 39 21 0 30 62 4 41 
74 66 7 58 21 7 25 78 35 84 16 28 67 52 84 38 96 0 36 34 60 
58 18 4 26 93 50 1 43 64 58 4 62 90 80 7 35 58 51 0 99 53 
59 64 13 46 54 54 67 40 41 10 66 77 97 71 89 79 70 71 67 0 43 
53 95 42 92 44 31 28 74 28 49 50 25 52 55 10 70 85 58 88 28 0 
