0 36 15 3 53 58 69 15 57 73 9 16 69 42 26 89 51 4 64 21 50 
66 0 63 31 35 15 37 85 9 46 79 11 96 96 20 63 28 22 11 66 55 
94 94 0 8 24 10 22 75 10 43 62 99 75 85 52 41 40 36 11 46 68 
39 92 23 0 20 68 93 63 12 36 86 39 35 63 35 87 10 6 18 17 91 
39 27 69 27 0 19 71 81 82 8 10 89 67 7 18 14 30 58 5 13 45 
71 53 97 74 42 0 69 87 21 40 53 31 83 10 59 20 29 8 11 95 29 
2 73 90 57 10 81 0 51 88 46 27 90 88 53 99 83 60 94 91 9 79 
59 49 18 23 13 92 67 0 46 72 25 15 27 15 35 40 56 59 8 60 36 
47 88 2 98 22 81 41 92 0 91 77 3 77 49 96 83 82 73 20 74 93 
76 10 43 72 52 56 61 60 95 0 13 31 77 17 39 46 61 82 4 42 27 
90 3 77 59 70 51 9 80 59 46 0 60 60 80 55 7 63 21 24 22 69 
48 66 66 84 46 48 56 51 13 26 27 0 7 86 14 2 20 77 1 13 2 
9 29 27 82 20 85 49 90 29 69 11 53 0 75 59 46 76 93 83 24 84 
57 89 22 74 50 68 96 4 3 42 47 7 44 0 40 26 72 55 83 4 56 
73 36 86 62 39 12 41 83 58 42 5 61 81 36 0 50 77 97 21 9 18 
34 8 69 72 6 28 60 80 14 45 63 71 39 67 18 0 42 69 84 16 94 
28 40 60 76 58 35 8 11 60 28 93 47 19 75 5 97 0 16 78 79 66 
93 4 74 90 59 80 8 32 56 44 68 91 80 11 65 26 41 0 84 70 93 
98 19 72 23 2 91 38 21 2 53 70 79 67 11 71 27 3 37 0 73 55 
15 91 35 50 96 7 35 12 21 5 19 36 92 14 10 35 78 59 84 0 76 
71 91 37 54 36 24 1 99 94 65 83 88 21 81 15 17 6 23 49 50 0 
